0.000000 34.500000 0.000000 -34.500000
1.587302 50.087302 1.587302 -46.912698
3.174603 18.174603 3.174603 -11.825397
4.761905 5.761905 4.761905 3.761905
6.349206 27.349206 6.349206 -14.650794
7.936508 50.936508 7.936508 -35.063492
9.523810 59.023810 9.523810 -39.976190
11.111111 52.111111 11.111111 -29.888889
12.698413 22.198413 12.698413 3.198413
14.285714 16.285714 14.285714 12.285714
15.873016 46.373016 15.873016 -14.626984
17.460317 54.460317 17.460317 -19.539683
19.047619 21.547619 19.047619 16.547619
20.634921 60.634921 20.634921 -19.365079
22.222222 42.222222 22.222222 2.222222
23.809524 26.809524 23.809524 20.809524
25.396825 56.896825 25.396825 -6.103175
26.984127 35.484127 26.984127 18.484127
28.571429 45.071429 28.571429 12.071429
30.158730 43.658730 30.158730 16.658730
31.746032 59.246032 31.746032 4.246032
33.333333 76.333333 33.333333 -9.666667
34.920635 56.920635 34.920635 12.920635
36.507937 65.507937 36.507937 7.507937
38.095238 45.095238 38.095238 31.095238
39.682540 69.182540 39.682540 10.182540
41.269841 75.269841 41.269841 7.269841
42.857143 84.857143 42.857143 0.857143
44.444444 76.444444 44.444444 12.444444
46.031746 57.031746 46.031746 35.031746
47.619048 93.119048 47.619048 2.119048
49.206349 69.706349 49.206349 28.706349
50.793651 95.293651 50.793651 6.293651
52.380952 81.380952 52.380952 23.380952
53.968254 54.968254 53.968254 52.968254
55.555556 83.055556 55.555556 28.055556
57.142857 100.142857 57.142857 14.142857
58.730159 70.230159 58.730159 47.230159
60.317460 92.317460 60.317460 28.317460
61.904762 97.904762 61.904762 25.904762
63.492063 80.492063 63.492063 46.492063
65.079365 68.079365 65.079365 62.079365
66.666667 89.666667 66.666667 43.666667
68.253968 111.753968 68.253968 24.753968
69.841270 108.841270 69.841270 30.841270
71.428571 88.928571 71.428571 53.928571
73.015873 110.515873 73.015873 35.515873
74.603175 106.103175 74.603175 43.103175
76.190476 112.690476 76.190476 39.690476
77.777778 111.777778 77.777778 43.777778
79.365079 103.865079 79.365079 54.865079
80.952381 109.952381 80.952381 51.952381
82.539683 123.039683 82.539683 42.039683
84.126984 106.626984 84.126984 61.626984
85.714286 99.714286 85.714286 71.714286
87.301587 123.801587 87.301587 50.801587
88.888889 108.888889 88.888889 68.888889
90.476190 109.976190 90.476190 70.976190
92.063492 122.563492 92.063492 61.563492
93.650794 94.650794 93.650794 92.650794
95.238095 130.238095 95.238095 60.238095
96.825397 120.325397 96.825397 73.325397
98.412698 136.912698 98.412698 59.912698
100.000000 117.000000 100.000000 83.000000