0.000000 40.500000 0.000000 -40.500000
0.097752 29.097752 0.097752 -28.902248
0.195503 49.195503 0.195503 -48.804497
0.293255 44.793255 0.293255 -44.206745
0.391007 38.891007 0.391007 -38.108993
0.488759 44.988759 0.488759 -44.011241
0.586510 17.086510 0.586510 -15.913490
0.684262 37.184262 0.684262 -35.815738
0.782014 24.282014 0.782014 -22.717986
0.879765 37.879765 0.879765 -36.120235
0.977517 29.477517 0.977517 -27.522483
1.075269 22.075269 1.075269 -19.924731
1.173021 4.673021 1.173021 -2.326979
1.270772 26.770772 1.270772 -24.229228
1.368524 27.368524 1.368524 -24.631476
1.466276 27.466276 1.466276 -24.533724
1.564027 27.064027 1.564027 -23.935973
1.661779 23.161779 1.661779 -19.838221
1.759531 34.759531 1.759531 -31.240469
1.857283 38.357283 1.857283 -34.642717
1.955034 35.455034 1.955034 -31.544966
2.052786 27.052786 2.052786 -22.947214
2.150538 7.150538 2.150538 -2.849462
2.248289 42.748289 2.248289 -38.251711
2.346041 22.346041 2.346041 -17.653959
2.443793 21.443793 2.443793 -16.556207
2.541544 18.541544 2.541544 -13.458456
2.639296 23.139296 2.639296 -17.860704
2.737048 28.737048 2.737048 -23.262952
2.834800 17.334800 2.834800 -11.665200
2.932551 26.932551 2.932551 -21.067449
3.030303 4.530303 3.030303 1.530303
3.128055 10.128055 3.128055 -3.871945
3.225806 9.225806 3.225806 -2.774194
3.323558 29.323558 3.323558 -22.676442
3.421310 50.421310 3.421310 -43.578690
3.519062 21.519062 3.519062 -14.480938
3.616813 51.116813 3.616813 -43.883187
3.714565 19.214565 3.714565 -11.785435
3.812317 15.312317 3.812317 -7.687683
3.910068 9.410068 3.910068 -1.589932
4.007820 34.507820 4.007820 -26.492180
4.105572 32.105572 4.105572 -23.894428
4.203324 34.703324 4.203324 -26.296676
4.301075 44.301075 4.301075 -35.698925
4.398827 5.898827 4.398827 2.898827
4.496579 53.996579 4.496579 -45.003421
4.594330 9.094330 4.594330 0.094330
4.692082 50.192082 4.692082 -40.807918
4.789834 16.789834 4.789834 -7.210166
4.887586 45.387586 4.887586 -35.612414
4.985337 35.985337 4.985337 -26.014663
5.083089 19.083089 5.083089 -8.916911
5.180841 38.180841 5.180841 -27.819159
5.278592 49.778592 5.278592 -39.221408
5.376344 24.876344 5.376344 -14.123656
5.474096 48.974096 5.474096 -38.025904
5.571848 51.571848 5.571848 -40.428152
5.669599 51.669599 5.669599 -40.330401
5.767351 50.267351 5.767351 -38.732649
5.865103 16.865103 5.865103 -5.134897
5.962854 6.962854 5.962854 4.962854
6.060606 11.060606 6.060606 1.060606
6.158358 42.158358 6.158358 -29.841642
6.256109 21.756109 6.256109 -9.243891
6.353861 17.353861 6.353861 -4.646139
6.451613 12.451613 6.451613 0.451613
6.549365 25.049365 6.549365 -11.950635
6.647116 23.647116 6.647116 -10.352884
6.744868 37.244868 6.744868 -23.755132
6.842620 7.842620 6.842620 5.842620
6.940371 11.440371 6.940371 2.440371
7.038123 35.038123 7.038123 -20.961877
7.135875 55.635875 7.135875 -41.364125
7.233627 45.733627 7.233627 -31.266373
7.331378 24.831378 7.331378 -10.168622
7.429130 53.429130 7.429130 -38.570870
7.526882 55.026882 7.526882 -39.973118
7.624633 24.624633 7.624633 -9.375367
7.722385 20.722385 7.722385 -5.277615
7.820137 30.320137 7.820137 -14.679863
7.917889 45.417889 7.917889 -29.582111
8.015640 13.015640 8.015640 3.015640
8.113392 47.613392 8.113392 -31.386608
8.211144 22.211144 8.211144 -5.788856
8.308895 14.808895 8.308895 1.808895
8.406647 55.906647 8.406647 -39.093353
8.504399 49.504399 8.504399 -32.495601
8.602151 15.102151 8.602151 2.102151
8.699902 45.699902 8.699902 -28.300098
8.797654 20.797654 8.797654 -3.202346
8.895406 14.895406 8.895406 2.895406
8.993157 20.993157 8.993157 -3.006843
9.090909 50.090909 9.090909 -31.909091
9.188661 19.188661 9.188661 -0.811339
9.286413 53.286413 9.286413 -34.713587
9.384164 47.884164 9.384164 -29.115836
9.481916 53.481916 9.481916 -34.518084
9.579668 11.079668 9.579668 8.079668
9.677419 21.677419 9.677419 -2.322581
9.775171 30.775171 9.775171 -11.224829
9.872923 30.872923 9.872923 -11.127077
9.970674 21.970674 9.970674 -2.029326
10.068426 54.068426 10.068426 -33.931574
10.166178 14.666178 10.166178 5.666178
10.263930 43.763930 10.263930 -23.236070
10.361681 22.861681 10.361681 -2.138319
10.459433 16.459433 10.459433 4.459433
10.557185 41.057185 10.557185 -19.942815
10.654936 59.154936 10.654936 -37.845064
10.752688 48.252688 10.752688 -26.747312
10.850440 16.850440 10.850440 4.850440
10.948192 19.948192 10.948192 1.948192
11.045943 27.545943 11.045943 -5.454057
11.143695 15.643695 11.143695 6.643695
11.241447 49.741447 11.241447 -27.258553
11.339198 37.339198 11.339198 -14.660802
11.436950 19.936950 11.436950 2.936950
11.534702 41.034702 11.534702 -17.965298
11.632454 22.632454 11.632454 0.632454
11.730205 19.730205 11.730205 3.730205
11.827957 41.827957 11.827957 -18.172043
11.925709 26.925709 11.925709 -3.074291
12.023460 36.523460 12.023460 -12.476540
12.121212 22.621212 12.121212 1.621212
12.218964 17.218964 12.218964 7.218964
12.316716 27.816716 12.316716 -3.183284
12.414467 22.914467 12.414467 1.914467
12.512219 55.012219 12.512219 -29.987781
12.609971 47.609971 12.609971 -22.390029
12.707722 30.207722 12.707722 -4.792278
12.805474 46.305474 12.805474 -20.694526
12.903226 32.403226 12.903226 -6.596774
13.000978 40.500978 13.000978 -14.499022
13.098729 20.598729 13.098729 5.598729
13.196481 46.696481 13.196481 -20.303519
13.294233 37.294233 13.294233 -10.705767
13.391984 35.391984 13.391984 -8.608016
13.489736 52.489736 13.489736 -25.510264
13.587488 19.087488 13.587488 8.087488
13.685239 48.685239 13.685239 -21.314761
13.782991 17.282991 13.782991 10.282991
13.880743 43.380743 13.880743 -15.619257
13.978495 32.978495 13.978495 -5.021505
14.076246 32.076246 14.076246 -3.923754
14.173998 50.173998 14.173998 -21.826002
14.271750 49.271750 14.271750 -20.728250
14.369501 54.369501 14.369501 -25.630499
14.467253 43.967253 14.467253 -15.032747
14.565005 37.565005 14.565005 -8.434995
14.662757 24.162757 14.662757 5.162757
14.760508 23.260508 14.760508 6.260508
14.858260 58.858260 14.858260 -29.141740
14.956012 36.456012 14.956012 -6.543988
15.053763 36.053763 15.053763 -5.946237
15.151515 40.651515 15.151515 -10.348485
15.249267 43.249267 15.249267 -12.750733
15.347019 36.847019 15.347019 -6.152981
15.444770 55.444770 15.444770 -24.555230
15.542522 36.542522 15.542522 -5.457478
15.640274 26.640274 15.640274 4.640274
15.738025 48.738025 15.738025 -17.261975
15.835777 62.835777 15.835777 -31.164223
15.933529 26.433529 15.933529 5.433529
16.031281 56.031281 16.031281 -23.968719
16.129032 36.129032 16.129032 -3.870968
16.226784 41.726784 16.226784 -9.273216
16.324536 62.324536 16.324536 -29.675464
16.422287 36.922287 16.422287 -4.077713
16.520039 48.520039 16.520039 -15.479961
16.617791 37.117791 16.617791 -3.882209
16.715543 25.715543 16.715543 7.715543
16.813294 60.313294 16.813294 -26.686706
16.911046 61.411046 16.911046 -27.588954
17.008798 42.508798 17.008798 -8.491202
17.106549 28.606549 17.106549 5.606549
17.204301 63.704301 17.204301 -29.295699
17.302053 27.802053 17.302053 6.802053
17.399804 51.399804 17.399804 -16.600196
17.497556 41.497556 17.497556 -6.502444
17.595308 60.095308 17.595308 -24.904692
17.693060 19.193060 17.693060 16.193060
17.790811 40.790811 17.790811 -5.209189
17.888563 38.888563 17.888563 -3.111437
17.986315 20.486315 17.986315 15.486315
18.084066 64.584066 18.084066 -28.415934
18.181818 66.681818 18.181818 -30.318182
18.279570 30.279570 18.279570 6.279570
18.377322 37.377322 18.377322 -0.622678
18.475073 51.475073 18.475073 -14.524927
18.572825 34.072825 18.572825 3.072825
18.670577 65.670577 18.670577 -28.329423
18.768328 28.268328 18.768328 9.268328
18.866080 54.866080 18.866080 -17.133920
18.963832 24.463832 18.963832 13.463832
19.061584 35.061584 19.061584 3.061584
19.159335 58.659335 19.159335 -20.340665
19.257087 26.757087 19.257087 11.757087
19.354839 35.354839 19.354839 3.354839
19.452590 57.952590 19.452590 -19.047410
19.550342 34.550342 19.550342 4.550342
19.648094 51.648094 19.648094 -12.351906
19.745846 56.245846 19.745846 -16.754154
19.843597 55.843597 19.843597 -16.156403
19.941349 53.441349 19.941349 -13.558651
20.039101 37.539101 20.039101 2.539101
20.136852 57.636852 20.136852 -17.363148
20.234604 59.234604 20.234604 -18.765396
20.332356 54.332356 20.332356 -13.667644
20.430108 29.930108 20.430108 10.930108
20.527859 36.027859 20.527859 5.027859
20.625611 36.625611 20.625611 4.625611
20.723363 70.723363 20.723363 -29.276637
20.821114 60.321114 20.821114 -18.678886
20.918866 56.418866 20.918866 -14.581134
21.016618 63.016618 21.016618 -20.983382
21.114370 39.614370 21.114370 2.614370
21.212121 62.712121 21.212121 -20.287879
21.309873 59.809873 21.309873 -17.190127
21.407625 53.907625 21.407625 -11.092375
21.505376 23.505376 21.505376 19.505376
21.603128 71.603128 21.603128 -28.396872
21.700880 60.700880 21.700880 -17.299120
21.798631 38.298631 21.798631 5.298631
21.896383 24.396383 21.896383 19.396383
21.994135 45.494135 21.994135 -1.505865
22.091887 51.091887 22.091887 -6.908113
22.189638 48.689638 22.189638 -4.310362
22.287390 35.287390 22.287390 9.287390
22.385142 62.885142 22.385142 -18.114858
22.482893 60.482893 22.482893 -15.517107
22.580645 58.080645 22.580645 -12.919355
22.678397 64.178397 22.678397 -18.821603
22.776149 39.776149 22.776149 5.776149
22.873900 47.373900 22.873900 -1.626100
22.971652 72.471652 22.971652 -26.528348
23.069404 70.569404 23.069404 -24.430596
23.167155 31.167155 23.167155 15.167155
23.264907 73.264907 23.264907 -26.735093
23.362659 54.862659 23.362659 -8.137341
23.460411 27.960411 23.460411 18.960411
23.558162 46.058162 23.558162 1.058162
23.655914 39.155914 23.655914 8.155914
23.753666 46.253666 23.753666 1.253666
23.851417 37.851417 23.851417 9.851417
23.949169 35.949169 23.949169 11.949169
24.046921 72.046921 24.046921 -23.953079
24.144673 66.644673 24.144673 -18.355327
24.242424 68.742424 24.242424 -20.257576
24.340176 70.840176 24.340176 -22.159824
24.437928 72.437928 24.437928 -23.562072
24.535679 28.035679 24.535679 21.035679
24.633431 70.133431 24.633431 -20.866569
24.731183 68.231183 24.731183 -18.768817
24.828935 25.828935 24.828935 23.828935
24.926686 37.426686 24.926686 12.426686
25.024438 71.524438 25.024438 -21.475562
25.122190 48.622190 25.122190 1.622190
25.219941 47.719941 25.219941 2.719941
25.317693 29.317693 25.317693 21.317693
25.415445 50.915445 25.415445 -0.084555
25.513196 45.013196 25.513196 6.013196
25.610948 43.110948 25.610948 8.110948
25.708700 26.208700 25.708700 25.208700
25.806452 64.306452 25.806452 -12.693548
25.904203 74.904203 25.904203 -23.095797
26.001955 44.501955 26.001955 7.501955
26.099707 48.099707 26.099707 4.099707
26.197458 70.197458 26.197458 -17.802542
26.295210 31.295210 26.295210 21.295210
26.392962 74.392962 26.392962 -21.607038
26.490714 52.990714 26.490714 -0.009286
26.588465 43.088465 26.588465 10.088465
26.686217 51.686217 26.686217 1.686217
26.783969 62.283969 26.783969 -8.716031
26.881720 36.881720 26.881720 16.881720
26.979472 55.479472 26.979472 -1.520528
27.077224 58.077224 27.077224 -3.922776
27.174976 35.174976 27.174976 19.174976
27.272727 75.272727 27.272727 -20.727273
27.370479 37.870479 27.370479 16.870479
27.468231 71.468231 27.468231 -16.531769
27.565982 39.565982 27.565982 15.565982
27.663734 50.663734 27.663734 4.663734
27.761486 73.261486 27.761486 -17.738514
27.859238 57.359238 27.859238 -1.640762
27.956989 29.956989 27.956989 25.956989
28.054741 42.054741 28.054741 14.054741
28.152493 41.152493 28.152493 15.152493
28.250244 39.250244 28.250244 17.250244
28.347996 62.347996 28.347996 -5.652004
28.445748 56.445748 28.445748 0.445748
28.543500 39.043500 28.543500 18.043500
28.641251 78.141251 28.641251 -20.858749
28.739003 30.239003 28.739003 27.239003
28.836755 61.836755 28.836755 -4.163245
28.934506 33.934506 28.934506 23.934506
29.032258 48.532258 29.032258 9.532258
29.130010 45.630010 29.130010 12.630010
29.227761 33.727761 29.227761 24.727761
29.325513 43.325513 29.325513 15.325513
29.423265 74.423265 29.423265 -15.576735
29.521017 63.521017 29.521017 -4.478983
29.618768 54.618768 29.618768 4.618768
29.716520 53.216520 29.716520 6.216520
29.814272 57.814272 29.814272 1.814272
29.912023 46.912023 29.912023 12.912023
30.009775 39.509775 30.009775 20.509775
30.107527 36.107527 30.107527 24.107527
30.205279 59.705279 30.205279 0.705279
30.303030 48.803030 30.303030 11.803030
30.400782 34.400782 30.400782 26.400782
30.498534 47.498534 30.498534 13.498534
30.596285 60.596285 30.596285 0.596285
30.694037 56.194037 30.694037 5.194037
30.791789 70.291789 30.791789 -8.708211
30.889541 72.389541 30.889541 -10.610459
30.987292 75.987292 30.987292 -14.012708
31.085044 59.585044 31.085044 2.585044
31.182796 33.182796 31.182796 29.182796
31.280547 79.280547 31.280547 -16.719453
31.378299 76.378299 31.378299 -13.621701
31.476051 39.476051 31.476051 23.476051
31.573803 65.073803 31.573803 -1.926197
31.671554 34.671554 31.671554 28.671554
31.769306 75.269306 31.769306 -11.730694
31.867058 60.367058 31.867058 3.367058
31.964809 47.964809 31.964809 15.964809
32.062561 37.562561 32.062561 26.562561
32.160313 35.160313 32.160313 29.160313
32.258065 81.258065 32.258065 -16.741935
32.355816 37.355816 32.355816 27.355816
32.453568 65.453568 32.453568 -0.546432
32.551320 51.551320 32.551320 13.551320
32.649071 60.649071 32.649071 4.649071
32.746823 75.246823 32.746823 -9.753177
32.844575 72.844575 32.844575 -7.155425
32.942326 69.442326 32.942326 -3.557674
33.040078 62.040078 33.040078 4.040078
33.137830 52.637830 33.137830 13.637830
33.235582 77.235582 33.235582 -10.764418
33.333333 70.833333 33.333333 -4.166667
33.431085 36.931085 33.431085 29.931085
33.528837 36.028837 33.528837 31.028837
33.626588 76.626588 33.626588 -9.373412
33.724340 63.224340 33.724340 4.224340
33.822092 67.322092 33.822092 0.322092
33.919844 63.419844 33.919844 4.419844
34.017595 47.017595 34.017595 21.017595
34.115347 68.615347 34.115347 -0.384653
34.213099 79.213099 34.213099 -10.786901
34.310850 53.810850 34.310850 14.810850
34.408602 50.408602 34.408602 18.408602
34.506354 42.506354 34.506354 26.506354
34.604106 68.604106 34.604106 0.604106
34.701857 61.701857 34.701857 7.701857
34.799609 75.799609 34.799609 -6.200391
34.897361 60.897361 34.897361 8.897361
34.995112 44.495112 34.995112 25.495112
35.092864 74.092864 35.092864 -3.907136
35.190616 80.690616 35.190616 -10.309384
35.288368 63.788368 35.288368 6.788368
35.386119 65.386119 35.386119 5.386119
35.483871 66.483871 35.483871 4.483871
35.581623 68.581623 35.581623 2.581623
35.679374 42.679374 35.679374 28.679374
35.777126 48.777126 35.777126 22.777126
35.874878 70.874878 35.874878 0.874878
35.972630 55.472630 35.972630 16.472630
36.070381 64.070381 36.070381 8.070381
36.168133 46.168133 36.168133 26.168133
36.265885 75.765885 36.265885 -3.234115
36.363636 67.863636 36.363636 4.863636
36.461388 47.961388 36.461388 24.961388
36.559140 41.059140 36.559140 32.059140
36.656891 86.156891 36.656891 -12.843109
36.754643 69.254643 36.754643 4.254643
36.852395 73.352395 36.852395 0.352395
36.950147 67.950147 36.950147 5.950147
37.047898 86.047898 37.047898 -11.952102
37.145650 50.145650 37.145650 24.145650
37.243402 51.743402 37.243402 22.743402
37.341153 65.341153 37.341153 9.341153
37.438905 85.438905 37.438905 -10.561095
37.536657 50.536657 37.536657 24.536657
37.634409 64.634409 37.634409 10.634409
37.732160 67.232160 37.732160 8.232160
37.829912 62.329912 37.829912 13.329912
37.927664 62.427664 37.927664 13.427664
38.025415 53.025415 38.025415 23.025415
38.123167 47.623167 38.123167 28.623167
38.220919 50.220919 38.220919 26.220919
38.318671 62.818671 38.318671 13.818671
38.416422 71.916422 38.416422 4.916422
38.514174 41.014174 38.514174 36.014174
38.611926 86.611926 38.611926 -9.388074
38.709677 61.209677 38.709677 16.209677
38.807429 60.807429 38.807429 16.807429
38.905181 76.405181 38.905181 1.405181
39.002933 51.502933 39.002933 26.502933
39.100684 76.600684 39.100684 1.600684
39.198436 53.698436 39.198436 24.698436
39.296188 42.796188 39.296188 35.796188
39.393939 70.393939 39.393939 8.393939
39.491691 58.491691 39.491691 20.491691
39.589443 80.589443 39.589443 -1.410557
39.687195 42.687195 39.687195 36.687195
39.784946 84.284946 39.784946 -4.715054
39.882698 44.382698 39.882698 35.382698
39.980450 81.980450 39.980450 -2.019550
40.078201 75.078201 40.078201 5.078201
40.175953 70.675953 40.175953 9.675953
40.273705 66.273705 40.273705 14.273705
40.371457 52.871457 40.371457 27.871457
40.469208 75.969208 40.469208 4.969208
40.566960 68.066960 40.566960 13.066960
40.664712 85.164712 40.664712 -3.835288
40.762463 47.762463 40.762463 33.762463
40.860215 84.360215 40.860215 -2.639785
40.957967 90.457967 40.957967 -8.542033
41.055718 59.555718 41.055718 22.555718
41.153470 51.153470 41.153470 31.153470
41.251222 65.751222 41.251222 16.751222
41.348974 63.348974 41.348974 19.348974
41.446725 49.446725 41.446725 33.446725
41.544477 88.044477 41.544477 -4.955523
41.642229 62.642229 41.642229 20.642229
41.739980 74.739980 41.739980 8.739980
41.837732 62.837732 41.837732 20.837732
41.935484 88.935484 41.935484 -5.064516
42.033236 78.033236 42.033236 6.033236
42.130987 90.130987 42.130987 -5.869013
42.228739 88.228739 42.228739 -3.771261
42.326491 51.826491 42.326491 32.826491
42.424242 75.924242 42.424242 8.924242
42.521994 47.521994 42.521994 37.521994
42.619746 92.119746 42.619746 -6.880254
42.717498 80.217498 42.717498 5.217498
42.815249 53.815249 42.815249 31.815249
42.913001 73.913001 42.913001 11.913001
43.010753 60.010753 43.010753 26.010753
43.108504 75.108504 43.108504 11.108504
43.206256 69.206256 43.206256 17.206256
43.304008 82.804008 43.304008 3.804008
43.401760 68.901760 43.401760 17.901760
43.499511 51.999511 43.499511 34.999511
43.597263 69.097263 43.597263 18.097263
43.695015 85.195015 43.695015 2.195015
43.792766 65.292766 43.792766 22.292766
43.890518 51.890518 43.890518 35.890518
43.988270 77.988270 43.988270 9.988270
44.086022 58.086022 44.086022 30.086022
44.183773 63.183773 44.183773 25.183773
44.281525 64.281525 44.281525 24.281525
44.379277 51.379277 44.379277 37.379277
44.477028 92.977028 44.477028 -4.022972
44.574780 93.074780 44.574780 -3.925220
44.672532 45.672532 44.672532 43.672532
44.770283 70.270283 44.770283 19.270283
44.868035 54.868035 44.868035 34.868035
44.965787 87.965787 44.965787 1.965787
45.063539 88.063539 45.063539 2.063539
45.161290 74.161290 45.161290 16.161290
45.259042 61.259042 45.259042 29.259042
45.356794 64.856794 45.356794 25.856794
45.454545 83.954545 45.454545 6.954545
45.552297 80.052297 45.552297 11.052297
45.650049 52.150049 45.650049 39.150049
45.747801 76.747801 45.747801 14.747801
45.845552 80.345552 45.845552 11.345552
45.943304 84.443304 45.943304 7.443304
46.041056 57.541056 46.041056 34.541056
46.138807 57.638807 46.138807 34.638807
46.236559 47.236559 46.236559 45.236559
46.334311 75.834311 46.334311 16.834311
46.432063 83.432063 46.432063 9.432063
46.529814 90.029814 46.529814 3.029814
46.627566 50.627566 46.627566 42.627566
46.725318 68.725318 46.725318 24.725318
46.823069 87.323069 46.823069 6.323069
46.920821 72.420821 46.920821 21.420821
47.018573 67.518573 47.018573 26.518573
47.116325 70.616325 47.116325 23.616325
47.214076 65.714076 47.214076 28.714076
47.311828 75.811828 47.311828 18.811828
47.409580 75.409580 47.409580 19.409580
47.507331 57.007331 47.507331 38.007331
47.605083 81.605083 47.605083 13.605083
47.702835 80.202835 47.702835 15.202835
47.800587 88.800587 47.800587 6.800587
47.898338 61.398338 47.898338 34.398338
47.996090 87.996090 47.996090 7.996090
48.093842 64.093842 48.093842 32.093842
48.191593 84.191593 48.191593 12.191593
48.289345 94.289345 48.289345 2.289345
48.387097 83.887097 48.387097 12.887097
48.484848 52.984848 48.484848 43.984848
48.582600 74.082600 48.582600 23.082600
48.680352 87.680352 48.680352 9.680352
48.778104 74.278104 48.778104 23.278104
48.875855 51.875855 48.875855 45.875855
48.973607 82.473607 48.973607 15.473607
49.071359 69.571359 49.071359 28.571359
49.169110 49.669110 49.169110 48.669110
49.266862 83.266862 49.266862 15.266862
49.364614 72.864614 49.364614 25.864614
49.462366 97.462366 49.462366 1.462366
49.560117 69.060117 49.560117 30.060117
49.657869 63.157869 49.657869 36.157869
49.755621 60.255621 49.755621 39.255621
49.853372 81.853372 49.853372 17.853372
49.951124 67.951124 49.951124 31.951124
50.048876 57.048876 50.048876 43.048876
50.146628 61.146628 50.146628 39.146628
50.244379 80.744379 50.244379 19.744379
50.342131 72.842131 50.342131 27.842131
50.439883 74.939883 50.439883 25.939883
50.537634 95.037634 50.537634 6.037634
50.635386 51.635386 50.635386 49.635386
50.733138 79.733138 50.733138 21.733138
50.830890 54.330890 50.830890 47.330890
50.928641 65.928641 50.928641 35.928641
51.026393 75.526393 51.026393 26.526393
51.124145 60.124145 51.124145 42.124145
51.221896 76.221896 51.221896 26.221896
51.319648 82.819648 51.319648 19.819648
51.417400 88.417400 51.417400 14.417400
51.515152 101.015152 51.515152 2.015152
51.612903 72.112903 51.612903 31.112903
51.710655 96.210655 51.710655 7.210655
51.808407 61.808407 51.808407 41.808407
51.906158 85.406158 51.906158 18.406158
52.003910 76.503910 52.003910 27.503910
52.101662 75.601662 52.101662 28.601662
52.199413 71.699413 52.199413 32.699413
52.297165 59.797165 52.297165 44.797165
52.394917 93.394917 52.394917 11.394917
52.492669 58.492669 52.492669 46.492669
52.590420 93.590420 52.590420 11.590420
52.688172 94.188172 52.688172 11.188172
52.785924 66.285924 52.785924 39.285924
52.883675 57.883675 52.883675 47.883675
52.981427 80.981427 52.981427 24.981427
53.079179 95.079179 53.079179 11.079179
53.176931 87.176931 53.176931 19.176931
53.274682 66.274682 53.274682 40.274682
53.372434 67.372434 53.372434 39.372434
53.470186 67.470186 53.470186 39.470186
53.567937 90.067937 53.567937 17.067937
53.665689 91.165689 53.665689 16.165689
53.763441 71.763441 53.763441 35.763441
53.861193 101.861193 53.861193 5.861193
53.958944 101.958944 53.958944 5.958944
54.056696 84.056696 54.056696 24.056696
54.154448 90.154448 54.154448 18.154448
54.252199 99.252199 54.252199 9.252199
54.349951 60.349951 54.349951 48.349951
54.447703 76.447703 54.447703 32.447703
54.545455 97.045455 54.545455 12.045455
54.643206 86.143206 54.643206 23.143206
54.740958 96.240958 54.740958 13.240958
54.838710 58.838710 54.838710 50.838710
54.936461 103.936461 54.936461 5.936461
55.034213 91.034213 55.034213 19.034213
55.131965 103.631965 55.131965 6.631965
55.229717 72.729717 55.229717 37.729717
55.327468 85.327468 55.327468 25.327468
55.425220 79.925220 55.425220 30.925220
55.522972 97.522972 55.522972 13.522972
55.620723 59.620723 55.620723 51.620723
55.718475 79.218475 55.718475 32.218475
55.816227 66.316227 55.816227 45.316227
55.913978 90.913978 55.913978 20.913978
56.011730 93.011730 56.011730 19.011730
56.109482 60.609482 56.109482 51.609482
56.207234 76.207234 56.207234 36.207234
56.304985 102.804985 56.304985 9.804985
56.402737 78.402737 56.402737 34.402737
56.500489 68.500489 56.500489 44.500489
56.598240 68.098240 56.598240 45.098240
56.695992 70.695992 56.695992 42.695992
56.793744 97.793744 56.793744 15.793744
56.891496 79.391496 56.891496 34.391496
56.989247 102.989247 56.989247 10.989247
57.086999 79.586999 57.086999 34.586999
57.184751 78.184751 57.184751 36.184751
57.282502 87.282502 57.282502 27.282502
57.380254 79.880254 57.380254 34.880254
57.478006 61.478006 57.478006 53.478006
57.575758 80.075758 57.575758 35.075758
57.673509 103.173509 57.673509 12.173509
57.771261 83.271261 57.771261 32.271261
57.869013 66.369013 57.869013 49.369013
57.966764 67.966764 57.966764 47.966764
58.064516 84.564516 58.064516 31.564516
58.162268 104.162268 58.162268 12.162268
58.260020 60.260020 58.260020 56.260020
58.357771 66.857771 58.357771 49.857771
58.455523 66.455523 58.455523 50.455523
58.553275 83.053275 58.553275 34.053275
58.651026 78.151026 58.651026 39.151026
58.748778 97.748778 58.748778 19.748778
58.846530 66.346530 58.846530 51.346530
58.944282 92.944282 58.944282 24.944282
59.042033 88.042033 59.042033 30.042033
59.139785 100.139785 59.139785 18.139785
59.237537 89.737537 59.237537 28.737537
59.335288 96.335288 59.335288 22.335288
59.433040 96.933040 59.433040 21.933040
59.530792 90.530792 59.530792 28.530792
59.628543 72.128543 59.628543 47.128543
59.726295 67.226295 59.726295 52.226295
59.824047 84.324047 59.824047 35.324047
59.921799 79.421799 59.921799 40.421799
60.019550 62.519550 60.019550 57.519550
60.117302 62.117302 60.117302 58.117302
60.215054 92.215054 60.215054 28.215054
60.312805 75.812805 60.312805 44.812805
60.410557 69.910557 60.410557 50.910557
60.508309 99.008309 60.508309 22.008309
60.606061 91.606061 60.606061 29.606061
60.703812 96.703812 60.703812 24.703812
60.801564 90.801564 60.801564 30.801564
60.899316 97.399316 60.899316 24.399316
60.997067 106.497067 60.997067 15.497067
61.094819 67.594819 61.094819 54.594819
61.192571 99.692571 61.192571 22.692571
61.290323 65.790323 61.290323 56.790323
61.388074 95.888074 61.388074 26.888074
61.485826 106.985826 61.485826 15.985826
61.583578 69.583578 61.583578 53.583578
61.681329 108.681329 61.681329 14.681329
61.779081 109.279081 61.779081 14.279081
61.876833 83.876833 61.876833 39.876833
61.974585 74.474585 61.974585 49.474585
62.072336 66.072336 62.072336 58.072336
62.170088 105.170088 62.170088 19.170088
62.267840 92.267840 62.267840 32.267840
62.365591 91.365591 62.365591 33.365591
62.463343 80.463343 62.463343 44.463343
62.561095 106.061095 62.561095 19.061095
62.658847 66.158847 62.658847 59.158847
62.756598 73.256598 62.756598 52.256598
62.854350 108.354350 62.854350 17.354350
62.952102 72.952102 62.952102 52.952102
63.049853 70.049853 63.049853 56.049853
63.147605 102.147605 63.147605 24.147605
63.245357 99.245357 63.245357 27.245357
63.343109 86.843109 63.343109 39.843109
63.440860 81.440860 63.440860 45.440860
63.538612 70.538612 63.538612 56.538612
63.636364 69.636364 63.636364 57.636364
63.734115 88.234115 63.734115 39.234115
63.831867 110.331867 63.831867 17.331867
63.929619 75.429619 63.929619 52.429619
64.027370 68.527370 64.027370 59.527370
64.125122 89.625122 64.125122 38.625122
64.222874 79.722874 64.222874 48.722874
64.320626 103.320626 64.320626 25.320626
64.418377 64.918377 64.418377 63.918377
64.516129 77.516129 64.516129 51.516129
64.613881 98.113881 64.613881 31.113881
64.711632 74.711632 64.711632 54.711632
64.809384 114.809384 64.809384 14.809384
64.907136 102.907136 64.907136 26.907136
65.004888 81.504888 65.004888 48.504888
65.102639 92.602639 65.102639 37.602639
65.200391 89.200391 65.200391 41.200391
65.298143 76.298143 65.298143 54.298143
65.395894 105.395894 65.395894 25.395894
65.493646 97.493646 65.493646 33.493646
65.591398 104.091398 65.591398 27.091398
65.689150 102.689150 65.689150 28.689150
65.786901 72.286901 65.786901 59.286901
65.884653 100.384653 65.884653 31.384653
65.982405 103.482405 65.982405 28.482405
66.080156 84.080156 66.080156 48.080156
66.177908 76.177908 66.177908 56.177908
66.275660 95.275660 66.275660 37.275660
66.373412 79.873412 66.373412 52.873412
66.471163 86.471163 66.471163 46.471163
66.568915 83.068915 66.568915 50.068915
66.666667 80.666667 66.666667 52.666667
66.764418 67.264418 66.764418 66.264418
66.862170 82.862170 66.862170 50.862170
66.959922 100.459922 66.959922 33.459922
67.057674 92.557674 67.057674 41.557674
67.155425 111.155425 67.155425 23.155425
67.253177 71.253177 67.253177 63.253177
67.350929 115.850929 67.350929 18.850929
67.448680 74.448680 67.448680 60.448680
67.546432 97.546432 67.546432 37.546432
67.644184 86.644184 67.644184 48.644184
67.741935 87.741935 67.741935 47.741935
67.839687 107.339687 67.839687 28.339687
67.937439 94.937439 67.937439 40.937439
68.035191 91.035191 68.035191 45.035191
68.132942 69.132942 68.132942 67.132942
68.230694 84.230694 68.230694 52.230694
68.328446 82.328446 68.328446 54.328446
68.426197 88.926197 68.426197 47.926197
68.523949 80.023949 68.523949 57.023949
68.621701 103.121701 68.621701 34.121701
68.719453 87.219453 68.719453 50.219453
68.817204 78.817204 68.817204 58.817204
68.914956 75.414956 68.914956 62.414956
69.012708 102.012708 69.012708 36.012708
69.110459 85.110459 69.110459 53.110459
69.208211 73.208211 69.208211 65.208211
69.305963 101.805963 69.305963 36.805963
69.403715 111.903715 69.403715 26.903715
69.501466 75.001466 69.501466 64.001466
69.599218 87.099218 69.599218 52.099218
69.696970 80.696970 69.696970 58.696970
69.794721 74.794721 69.794721 64.794721
69.892473 82.892473 69.892473 56.892473
69.990225 80.490225 69.990225 59.490225
70.087977 101.087977 70.087977 39.087977
70.185728 115.185728 70.185728 25.185728
70.283480 106.283480 70.283480 34.283480
70.381232 113.881232 70.381232 26.881232
70.478983 112.478983 70.478983 28.478983
70.576735 71.576735 70.576735 69.576735
70.674487 87.674487 70.674487 53.674487
70.772239 73.772239 70.772239 67.772239
70.869990 104.869990 70.869990 36.869990
70.967742 82.967742 70.967742 58.967742
71.065494 95.065494 71.065494 47.065494
71.163245 74.163245 71.163245 68.163245
71.260997 113.760997 71.260997 28.760997
71.358749 101.358749 71.358749 41.358749
71.456500 85.456500 71.456500 57.456500
71.554252 120.054252 71.554252 23.054252
71.652004 76.152004 71.652004 67.152004
71.749756 74.249756 71.749756 69.249756
71.847507 102.847507 71.847507 40.847507
71.945259 120.445259 71.945259 23.445259
72.043011 78.543011 72.043011 65.543011
72.140762 91.140762 72.140762 53.140762
72.238514 86.238514 72.238514 58.238514
72.336266 78.836266 72.336266 65.836266
72.434018 91.934018 72.434018 52.934018
72.531769 88.531769 72.531769 56.531769
72.629521 115.629521 72.629521 29.629521
72.727273 112.727273 72.727273 32.727273
72.825024 104.325024 72.825024 41.325024
72.922776 100.922776 72.922776 44.922776
73.020528 85.020528 73.020528 61.020528
73.118280 85.118280 73.118280 61.118280
73.216031 88.716031 73.216031 57.716031
73.313783 84.813783 73.313783 61.813783
73.411535 81.911535 73.411535 64.911535
73.509286 118.509286 73.509286 28.509286
73.607038 112.607038 73.607038 34.607038
73.704790 117.704790 73.704790 29.704790
73.802542 114.302542 73.802542 33.302542
73.900293 78.400293 73.900293 69.400293
73.998045 82.498045 73.998045 65.498045
74.095797 75.595797 74.095797 72.595797
74.193548 90.693548 74.193548 57.693548
74.291300 84.791300 74.291300 63.791300
74.389052 100.889052 74.389052 47.889052
74.486804 76.486804 74.486804 72.486804
74.584555 82.584555 74.584555 66.584555
74.682307 105.182307 74.682307 44.182307
74.780059 103.780059 74.780059 45.780059
74.877810 102.377810 74.877810 47.377810
74.975562 122.975562 74.975562 26.975562
75.073314 107.073314 75.073314 43.073314
75.171065 105.671065 75.171065 44.671065
75.268817 77.768817 75.268817 72.768817
75.366569 86.866569 75.366569 63.866569
75.464321 93.464321 75.464321 57.464321
75.562072 112.562072 75.562072 38.562072
75.659824 102.159824 75.659824 49.159824
75.757576 111.257576 75.757576 40.257576
75.855327 100.855327 75.855327 50.855327
75.953079 115.953079 75.953079 35.953079
76.050831 86.550831 76.050831 65.550831
76.148583 123.648583 76.148583 28.648583
76.246334 109.246334 76.246334 43.246334
76.344086 88.844086 76.344086 63.844086
76.441838 90.441838 76.441838 62.441838
76.539589 81.539589 76.539589 71.539589
76.637341 111.137341 76.637341 42.137341
76.735093 123.735093 76.735093 29.735093
76.832845 105.832845 76.832845 47.832845
76.930596 122.930596 76.930596 30.930596
77.028348 109.028348 77.028348 45.028348
77.126100 126.126100 77.126100 28.126100
77.223851 109.223851 77.223851 45.223851
77.321603 117.821603 77.321603 36.821603
77.419355 121.419355 77.419355 33.419355
77.517107 125.517107 77.517107 29.517107
77.614858 93.614858 77.614858 61.614858
77.712610 108.212610 77.712610 47.212610
77.810362 91.810362 77.810362 63.810362
77.908113 81.908113 77.908113 73.908113
78.005865 85.505865 78.005865 70.505865
78.103617 94.603617 78.103617 61.603617
78.201369 106.201369 78.201369 50.201369
78.299120 87.299120 78.299120 69.299120
78.396872 106.396872 78.396872 50.396872
78.494624 111.994624 78.494624 44.994624
78.592375 106.092375 78.592375 51.092375
78.690127 122.690127 78.690127 34.690127
78.787879 83.287879 78.787879 74.287879
78.885630 80.385630 78.885630 77.385630
78.983382 111.983382 78.983382 45.983382
79.081134 88.081134 79.081134 70.081134
79.178886 103.678886 79.178886 54.678886
79.276637 108.776637 79.276637 49.776637
79.374389 95.374389 79.374389 63.374389
79.472141 97.472141 79.472141 61.472141
79.569892 128.569892 79.569892 30.569892
79.667644 85.667644 79.667644 73.667644
79.765396 124.765396 79.765396 34.765396
79.863148 122.363148 79.863148 37.363148
79.960899 86.460899 79.960899 73.460899
80.058651 88.058651 80.058651 72.058651
80.156403 118.156403 80.156403 42.156403
80.254154 89.254154 80.254154 71.254154
80.351906 110.351906 80.351906 50.351906
80.449658 103.449658 80.449658 57.449658
80.547410 120.047410 80.547410 41.047410
80.645161 119.145161 80.645161 42.145161
80.742913 108.742913 80.742913 52.742913
80.840665 124.340665 80.840665 37.340665
80.938416 92.438416 80.938416 69.438416
81.036168 121.536168 81.036168 40.536168
81.133920 88.633920 81.133920 73.633920
81.231672 110.231672 81.231672 52.231672
81.329423 100.829423 81.329423 61.829423
81.427175 114.427175 81.427175 48.427175
81.524927 109.024927 81.524927 54.024927
81.622678 101.122678 81.622678 62.122678
81.720430 89.720430 81.720430 73.720430
81.818182 93.318182 81.818182 70.318182
81.915934 97.915934 81.915934 65.915934
82.013685 87.513685 82.013685 76.513685
82.111437 99.611437 82.111437 64.611437
82.209189 101.209189 82.209189 63.209189
82.306940 96.806940 82.306940 67.806940
82.404692 129.404692 82.404692 35.404692
82.502444 132.002444 82.502444 33.002444
82.600196 128.600196 82.600196 36.600196
82.697947 96.197947 82.697947 69.197947
82.795699 86.295699 82.795699 79.295699
82.893451 99.893451 82.893451 65.893451
82.991202 127.491202 82.991202 38.491202
83.088954 83.588954 83.088954 82.588954
83.186706 90.686706 83.186706 75.686706
83.284457 97.784457 83.284457 68.784457
83.382209 90.382209 83.382209 76.382209
83.479961 85.979961 83.479961 80.979961
83.577713 129.077713 83.577713 38.077713
83.675464 132.175464 83.675464 35.175464
83.773216 105.273216 83.773216 62.273216
83.870968 91.870968 83.870968 75.870968
83.968719 133.468719 83.968719 34.468719
84.066471 119.066471 84.066471 49.066471
84.164223 118.664223 84.164223 49.664223
84.261975 104.261975 84.261975 64.261975
84.359726 134.359726 84.359726 34.359726
84.457478 129.957478 84.457478 38.957478
84.555230 92.055230 84.555230 77.055230
84.652981 106.652981 84.652981 62.652981
84.750733 105.250733 84.750733 64.250733
84.848485 131.848485 84.848485 37.848485
84.946237 104.946237 84.946237 64.946237
85.043988 125.043988 85.043988 45.043988
85.141740 85.641740 85.141740 84.641740
85.239492 111.739492 85.239492 58.739492
85.337243 121.337243 85.337243 49.337243
85.434995 96.934995 85.434995 73.934995
85.532747 100.032747 85.532747 71.032747
85.630499 126.130499 85.630499 45.130499
85.728250 130.728250 85.728250 40.728250
85.826002 126.826002 85.826002 44.826002
85.923754 118.923754 85.923754 52.923754
86.021505 135.521505 86.021505 36.521505
86.119257 120.119257 86.119257 52.119257
86.217009 96.717009 86.217009 75.717009
86.314761 93.814761 86.314761 78.814761
86.412512 96.912512 86.412512 75.912512
86.510264 91.510264 86.510264 81.510264
86.608016 118.108016 86.608016 55.108016
86.705767 120.705767 86.705767 52.705767
86.803519 102.803519 86.803519 70.803519
86.901271 96.401271 86.901271 77.401271
86.999022 132.999022 86.999022 40.999022
87.096774 93.096774 87.096774 81.096774
87.194526 136.194526 87.194526 38.194526
87.292278 97.792278 87.292278 76.792278
87.390029 133.390029 87.390029 41.390029
87.487781 120.987781 87.487781 53.987781
87.585533 99.085533 87.585533 76.085533
87.683284 95.683284 87.683284 79.683284
87.781036 123.781036 87.781036 51.781036
87.878788 92.878788 87.878788 82.878788
87.976540 116.476540 87.976540 59.476540
88.074291 114.574291 88.074291 61.574291
88.172043 99.172043 88.172043 77.172043
88.269795 121.769795 88.269795 54.769795
88.367546 111.367546 88.367546 65.367546
88.465298 113.465298 88.465298 63.465298
88.563050 112.063050 88.563050 65.063050
88.660802 127.660802 88.660802 49.660802
88.758553 107.258553 88.758553 70.258553
88.856305 124.856305 88.856305 52.856305
88.954057 96.954057 88.954057 80.954057
89.051808 114.051808 89.051808 64.051808
89.149560 99.149560 89.149560 79.149560
89.247312 98.747312 89.247312 79.747312
89.345064 123.345064 89.345064 55.345064
89.442815 134.442815 89.442815 44.442815
89.540567 120.040567 89.540567 59.040567
89.638319 102.638319 89.638319 76.638319
89.736070 119.236070 89.736070 60.236070
89.833822 113.833822 89.833822 65.833822
89.931574 133.431574 89.931574 46.431574
90.029326 124.029326 90.029326 56.029326
90.127077 120.627077 90.127077 59.627077
90.224829 134.724829 90.224829 45.724829
90.322581 130.822581 90.322581 49.822581
90.420332 120.420332 90.420332 60.420332
90.518084 100.018084 90.518084 81.018084
90.615836 137.615836 90.615836 43.615836
90.713587 123.713587 90.713587 57.713587
90.811339 125.811339 90.811339 55.811339
90.909091 131.409091 90.909091 50.409091
91.006843 110.006843 91.006843 72.006843
91.104594 103.604594 91.104594 78.604594
91.202346 107.702346 91.202346 74.702346
91.300098 140.300098 91.300098 42.300098
91.397849 103.897849 91.397849 78.897849
91.495601 111.495601 91.495601 71.495601
91.593353 93.093353 91.593353 90.093353
91.691105 130.691105 91.691105 52.691105
91.788856 114.288856 91.788856 69.288856
91.886608 97.886608 91.886608 85.886608
91.984360 141.984360 91.984360 41.984360
92.082111 126.082111 92.082111 58.082111
92.179863 114.679863 92.179863 69.679863
92.277615 100.277615 92.277615 84.277615
92.375367 108.375367 92.375367 76.375367
92.473118 119.473118 92.473118 65.473118
92.570870 114.570870 92.570870 70.570870
92.668622 137.668622 92.668622 47.668622
92.766373 100.766373 92.766373 84.766373
92.864125 118.364125 92.864125 67.364125
92.961877 129.461877 92.961877 56.461877
93.059629 129.559629 93.059629 56.559629
93.157380 133.657380 93.157380 52.657380
93.255132 128.255132 93.255132 58.255132
93.352884 120.852884 93.352884 65.852884
93.450635 100.450635 93.450635 86.450635
93.548387 116.048387 93.548387 71.048387
93.646139 118.646139 93.646139 68.646139
93.743891 128.743891 93.743891 58.743891
93.841642 120.341642 93.841642 67.341642
93.939394 105.439394 93.939394 82.439394
94.037146 118.037146 94.037146 70.037146
94.134897 96.634897 94.134897 91.634897
94.232649 135.232649 94.232649 53.232649
94.330401 104.330401 94.330401 84.330401
94.428152 120.928152 94.428152 67.928152
94.525904 131.025904 94.525904 58.025904
94.623656 97.623656 94.623656 91.623656
94.721408 116.221408 94.721408 73.221408
94.819159 98.819159 94.819159 90.819159
94.916911 120.916911 94.916911 68.916911
95.014663 123.514663 95.014663 66.514663
95.112414 110.112414 95.112414 80.112414
95.210166 138.710166 95.210166 51.710166
95.307918 132.307918 95.307918 58.307918
95.405670 128.905670 95.405670 61.905670
95.503421 144.003421 95.503421 47.003421
95.601173 140.101173 95.601173 51.101173
95.698925 142.198925 95.698925 49.198925
95.796676 131.796676 95.796676 59.796676
95.894428 100.394428 95.894428 91.394428
95.992180 108.992180 95.992180 82.992180
96.089932 113.589932 96.089932 78.589932
96.187683 141.187683 96.187683 51.187683
96.285435 132.285435 96.285435 60.285435
96.383187 109.883187 96.383187 82.883187
96.480938 102.980938 96.480938 89.980938
96.578690 134.578690 96.578690 58.578690
96.676442 137.176442 96.676442 56.176442
96.774194 110.274194 96.774194 83.274194
96.871945 136.871945 96.871945 56.871945
96.969697 118.469697 96.969697 75.469697
97.067449 141.567449 97.067449 52.567449
97.165200 136.165200 97.165200 58.165200
97.262952 110.762952 97.262952 83.762952
97.360704 107.860704 97.360704 86.860704
97.458456 116.458456 97.458456 78.458456
97.556207 137.556207 97.556207 57.556207
97.653959 110.153959 97.653959 85.153959
97.751711 136.751711 97.751711 58.751711
97.849462 111.849462 97.849462 83.849462
97.947214 123.947214 97.947214 71.947214
98.044966 111.544966 98.044966 84.544966
98.142717 129.142717 98.142717 67.142717
98.240469 119.240469 98.240469 77.240469
98.338221 114.338221 98.338221 82.338221
98.435973 113.935973 98.435973 82.935973
98.533724 122.033724 98.533724 75.033724
98.631476 140.131476 98.631476 57.131476
98.729228 121.229228 98.729228 76.229228
98.826979 146.826979 98.826979 50.826979
98.924731 121.424731 98.924731 76.424731
99.022483 102.522483 99.022483 95.522483
99.120235 109.120235 99.120235 89.120235
99.217986 127.217986 99.217986 71.217986
99.315738 146.815738 99.315738 51.815738
99.413490 130.413490 99.413490 68.413490
99.511241 140.511241 99.511241 58.511241
99.608993 128.108993 99.608993 71.108993
99.706745 126.706745 99.706745 72.706745
99.804497 100.304497 99.804497 99.304497
99.902248 114.402248 99.902248 85.402248
100.000000 133.000000 100.000000 67.000000