0.000000 34.000000 0.000000 -34.000000
0.195695 8.195695 0.195695 -7.804305
0.391389 3.891389 0.391389 -3.108611
0.587084 6.087084 0.587084 -4.912916
0.782779 5.782779 0.782779 -4.217221
0.978474 20.978474 0.978474 -19.021526
1.174168 50.674168 1.174168 -48.325832
1.369863 29.869863 1.369863 -27.130137
1.565558 16.065558 1.565558 -12.934442
1.761252 35.261252 1.761252 -31.738748
1.956947 32.956947 1.956947 -29.043053
2.152642 48.152642 2.152642 -43.847358
2.348337 12.848337 2.348337 -8.151663
2.544031 5.544031 2.544031 -0.455969
2.739726 38.239726 2.739726 -32.760274
2.935421 10.935421 2.935421 -5.064579
3.131115 37.131115 3.131115 -30.868885
3.326810 6.826810 3.326810 -0.173190
3.522505 5.022505 3.522505 2.022505
3.718200 46.218200 3.718200 -38.781800
3.913894 41.913894 3.913894 -34.086106
4.109589 9.109589 4.109589 -0.890411
4.305284 14.805284 4.305284 -6.194716
4.500978 9.000978 4.500978 0.000978
4.696673 48.196673 4.696673 -38.803327
4.892368 6.392368 4.892368 3.392368
5.088063 18.088063 5.088063 -7.911937
5.283757 36.283757 5.283757 -25.716243
5.479452 28.979452 5.479452 -18.020548
5.675147 42.675147 5.675147 -31.324853
5.870841 15.870841 5.870841 -4.129159
6.066536 33.566536 6.066536 -21.433464
6.262231 29.262231 6.262231 -16.737769
6.457926 55.457926 6.457926 -42.542074
6.653620 23.153620 6.653620 -9.846380
6.849315 17.349315 6.849315 -3.650685
7.045010 35.545010 7.045010 -21.454990
7.240705 31.740705 7.240705 -17.259295
7.436399 22.436399 7.436399 -7.563601
7.632094 28.132094 7.632094 -12.867906
7.827789 33.327789 7.827789 -17.672211
8.023483 47.523483 8.023483 -31.476517
8.219178 13.219178 8.219178 3.219178
8.414873 18.914873 8.414873 -2.085127
8.610568 10.110568 8.610568 7.110568
8.806262 43.306262 8.806262 -25.693738
9.001957 46.001957 9.001957 -27.998043
9.197652 16.697652 9.197652 1.697652
9.393346 24.893346 9.393346 -6.106654
9.589041 26.589041 9.589041 -7.410959
9.784736 19.284736 9.784736 0.284736
9.980431 44.480431 9.980431 -24.519569
10.176125 38.676125 10.176125 -18.323875
10.371820 37.871820 10.371820 -17.128180
10.567515 57.567515 10.567515 -36.432485
10.763209 12.763209 10.763209 8.763209
10.958904 44.458904 10.958904 -22.541096
11.154599 50.154599 11.154599 -27.845401
11.350294 43.850294 11.350294 -21.149706
11.545988 61.045988 11.545988 -37.954012
11.741683 59.741683 11.741683 -36.258317
11.937378 49.937378 11.937378 -26.062622
12.133072 17.133072 12.133072 7.133072
12.328767 35.828767 12.328767 -11.171233
12.524462 18.024462 12.524462 7.024462
12.720157 31.720157 12.720157 -6.279843
12.915851 16.415851 12.915851 9.415851
13.111546 59.111546 13.111546 -32.888454
13.307241 43.307241 13.307241 -16.692759
13.502935 63.002935 13.502935 -35.997065
13.698630 59.698630 13.698630 -32.301370
13.894325 39.394325 13.894325 -11.605675
14.090020 16.590020 14.090020 11.590020
14.285714 49.285714 14.285714 -20.714286
14.481409 18.481409 14.481409 10.481409
14.677104 41.677104 14.677104 -12.322896
14.872798 46.872798 14.872798 -17.127202
15.068493 57.568493 15.068493 -27.431507
15.264188 46.764188 15.264188 -16.235812
15.459883 19.459883 15.459883 11.459883
15.655577 30.655577 15.655577 0.655577
15.851272 60.351272 15.851272 -28.648728
16.046967 53.046967 16.046967 -20.953033
16.242661 46.242661 16.242661 -13.757339
16.438356 47.938356 16.438356 -15.061644
16.634051 54.634051 16.634051 -21.365949
16.829746 29.329746 16.829746 4.329746
17.025440 28.525440 17.025440 5.525440
17.221135 31.721135 17.221135 2.721135
17.416830 56.416830 17.416830 -21.583170
17.612524 38.612524 17.612524 -3.387476
17.808219 23.308219 17.808219 12.308219
18.003914 39.003914 18.003914 -2.996086
18.199609 64.199609 18.199609 -27.800391
18.395303 46.895303 18.395303 -10.104697
18.590998 58.590998 18.590998 -21.409002
18.786693 34.286693 18.786693 3.286693
18.982387 23.982387 18.982387 13.982387
19.178082 23.178082 19.178082 15.178082
19.373777 47.373777 19.373777 -8.626223
19.569472 37.569472 19.569472 1.569472
19.765166 60.265166 19.765166 -20.734834
19.960861 22.460861 19.960861 17.460861
20.156556 51.656556 20.156556 -11.343444
20.352250 37.352250 20.352250 3.352250
20.547945 21.047945 20.547945 20.047945
20.743640 67.243640 20.743640 -25.756360
20.939335 30.939335 20.939335 10.939335
21.135029 51.135029 21.135029 -8.864971
21.330724 61.830724 21.330724 -19.169276
21.526419 33.026419 21.526419 10.026419
21.722114 65.222114 21.722114 -21.777886
21.917808 66.917808 21.917808 -23.082192
22.113503 35.113503 22.113503 9.113503
22.309198 62.809198 22.309198 -18.190802
22.504892 40.004892 22.504892 5.004892
22.700587 30.200587 22.700587 15.200587
22.896282 62.396282 22.896282 -16.603718
23.091977 67.591977 23.091977 -21.408023
23.287671 65.287671 23.287671 -18.712329
23.483366 42.983366 23.483366 3.983366
23.679061 33.679061 23.679061 13.679061
23.874755 49.874755 23.874755 -2.125245
24.070450 38.070450 24.070450 10.070450
24.266145 29.766145 24.266145 18.766145
24.461840 33.961840 24.461840 14.961840
24.657534 31.157534 24.657534 18.157534
24.853229 37.353229 24.853229 12.353229
25.048924 53.548924 25.048924 -3.451076
25.244618 61.744618 25.244618 -11.255382
25.440313 63.440313 25.440313 -12.559687
25.636008 33.136008 25.636008 18.136008
25.831703 32.331703 25.831703 19.331703
26.027397 34.527397 26.027397 17.527397
26.223092 48.223092 26.223092 4.223092
26.418787 41.418787 26.418787 11.418787
26.614481 54.114481 26.614481 -0.885519
26.810176 73.310176 26.810176 -19.689824
27.005871 40.005871 27.005871 14.005871
27.201566 57.201566 27.201566 -2.798434
27.397260 39.897260 27.397260 14.897260
27.592955 44.592955 27.592955 10.592955
27.788650 61.288650 27.788650 -5.711350
27.984344 30.984344 27.984344 24.984344
28.180039 77.680039 28.180039 -21.319961
28.375734 73.875734 28.375734 -17.124266
28.571429 68.571429 28.571429 -11.428571
28.767123 33.267123 28.767123 24.267123
28.962818 75.462818 28.962818 -17.537182
29.158513 57.158513 29.158513 1.158513
29.354207 44.354207 29.354207 14.354207
29.549902 30.549902 29.549902 28.549902
29.745597 50.745597 29.745597 8.745597
29.941292 79.941292 29.941292 -20.058708
30.136986 64.136986 30.136986 -3.863014
30.332681 57.832681 30.332681 2.832681
30.528376 69.528376 30.528376 -8.471624
30.724070 46.724070 30.724070 14.724070
30.919765 65.419765 30.919765 -3.580235
31.115460 49.615460 31.115460 12.615460
31.311155 35.311155 31.311155 27.311155
31.506849 77.506849 31.506849 -14.493151
31.702544 37.202544 31.702544 26.202544
31.898239 69.398239 31.898239 -5.601761
32.093933 71.593933 32.093933 -7.406067
32.289628 50.289628 32.289628 14.289628
32.485323 33.985323 32.485323 30.985323
32.681018 33.681018 32.681018 31.681018
32.876712 49.876712 32.876712 15.876712
33.072407 69.572407 33.072407 -3.427593
33.268102 78.768102 33.268102 -12.231898
33.463796 57.463796 33.463796 9.463796
33.659491 36.659491 33.659491 30.659491
33.855186 54.355186 33.855186 13.355186
34.050881 51.050881 34.050881 17.050881
34.246575 49.746575 34.246575 18.746575
34.442270 49.442270 34.442270 19.442270
34.637965 83.637965 34.637965 -14.362035
34.833659 63.833659 34.833659 5.833659
35.029354 47.029354 35.029354 23.029354
35.225049 81.225049 35.225049 -10.774951
35.420744 37.420744 35.420744 33.420744
35.616438 63.616438 35.616438 7.616438
35.812133 69.812133 35.812133 1.812133
36.007828 83.007828 36.007828 -10.992172
36.203523 85.703523 36.203523 -13.296477
36.399217 45.399217 36.399217 27.399217
36.594912 37.094912 36.594912 36.094912
36.790607 43.290607 36.790607 30.290607
36.986301 45.486301 36.986301 28.486301
37.181996 66.181996 37.181996 8.181996
37.377691 65.877691 37.377691 8.877691
37.573386 75.573386 37.573386 -0.426614
37.769080 43.769080 37.769080 31.769080
37.964775 74.964775 37.964775 0.964775
38.160470 65.160470 38.160470 11.160470
38.356164 61.856164 38.356164 14.856164
38.551859 68.551859 38.551859 8.551859
38.747554 88.247554 38.747554 -10.752446
38.943249 57.443249 38.943249 20.443249
39.138943 53.138943 39.138943 25.138943
39.334638 55.834638 39.334638 22.834638
39.530333 84.030333 39.530333 -4.969667
39.726027 78.726027 39.726027 0.726027
39.921722 51.921722 39.921722 27.921722
40.117417 73.117417 40.117417 7.117417
40.313112 42.313112 40.313112 38.313112
40.508806 89.508806 40.508806 -8.491194
40.704501 46.704501 40.704501 34.704501
40.900196 48.400196 40.900196 33.400196
41.095890 77.095890 41.095890 5.095890
41.291585 57.791585 41.291585 24.791585
41.487280 75.487280 41.487280 7.487280
41.682975 47.182975 41.682975 36.182975
41.878669 69.878669 41.878669 13.878669
42.074364 48.574364 42.074364 35.574364
42.270059 55.270059 42.270059 29.270059
42.465753 71.465753 42.465753 13.465753
42.661448 43.161448 42.661448 42.161448
42.857143 66.357143 42.857143 19.357143
43.052838 58.052838 43.052838 28.052838
43.248532 56.248532 43.248532 30.248532
43.444227 69.444227 43.444227 17.444227
43.639922 69.139922 43.639922 18.139922
43.835616 47.335616 43.835616 40.335616
44.031311 68.531311 44.031311 19.531311
44.227006 85.227006 44.227006 3.227006
44.422701 77.422701 44.422701 11.422701
44.618395 54.618395 44.618395 34.618395
44.814090 92.814090 44.814090 -3.185910
45.009785 93.009785 45.009785 -2.990215
45.205479 90.705479 45.205479 -0.294521
45.401174 64.901174 45.401174 25.901174
45.596869 78.096869 45.596869 13.096869
45.792564 87.292564 45.792564 4.292564
45.988258 66.988258 45.988258 24.988258
46.183953 82.183953 46.183953 10.183953
46.379648 88.379648 46.379648 4.379648
46.575342 80.075342 46.575342 13.075342
46.771037 74.771037 46.771037 18.771037
46.966732 94.966732 46.966732 -1.033268
47.162427 92.162427 47.162427 2.162427
47.358121 53.858121 47.358121 40.858121
47.553816 70.553816 47.553816 24.553816
47.749511 63.249511 47.749511 32.249511
47.945205 54.445205 47.945205 41.445205
48.140900 64.640900 48.140900 31.640900
48.336595 66.836595 48.336595 29.836595
48.532290 91.532290 48.532290 5.532290
48.727984 58.227984 48.727984 39.227984
48.923679 53.923679 48.923679 43.923679
49.119374 50.119374 49.119374 48.119374
49.315068 89.315068 49.315068 9.315068
49.510763 62.510763 49.510763 36.510763
49.706458 67.706458 49.706458 31.706458
49.902153 90.402153 49.902153 9.402153
50.097847 78.597847 50.097847 21.597847
50.293542 89.793542 50.293542 10.793542
50.489237 74.989237 50.489237 25.989237
50.684932 73.184932 50.684932 28.184932
50.880626 67.880626 50.880626 33.880626
51.076321 54.076321 51.076321 48.076321
51.272016 86.272016 51.272016 16.272016
51.467710 52.467710 51.467710 50.467710
51.663405 73.163405 51.663405 30.163405
51.859100 96.359100 51.859100 7.359100
52.054795 52.554795 52.054795 51.554795
52.250489 77.750489 52.250489 26.750489
52.446184 90.446184 52.446184 14.446184
52.641879 86.641879 52.641879 18.641879
52.837573 62.337573 52.837573 43.337573
53.033268 103.033268 53.033268 3.033268
53.228963 98.228963 53.228963 8.228963
53.424658 88.424658 53.424658 18.424658
53.620352 59.120352 53.620352 48.120352
53.816047 97.816047 53.816047 9.816047
54.011742 99.511742 54.011742 8.511742
54.207436 99.707436 54.207436 8.707436
54.403131 82.903131 54.403131 25.903131
54.598826 75.098826 54.598826 34.098826
54.794521 60.294521 54.794521 49.294521
54.990215 82.490215 54.990215 27.490215
55.185910 77.685910 55.185910 32.685910
55.381605 87.381605 55.381605 23.381605
55.577299 66.577299 55.577299 44.577299
55.772994 87.772994 55.772994 23.772994
55.968689 104.468689 55.968689 7.468689
56.164384 91.164384 56.164384 21.164384
56.360078 100.860078 56.360078 11.860078
56.555773 103.055773 56.555773 10.055773
56.751468 104.251468 56.751468 9.251468
56.947162 82.947162 56.947162 30.947162
57.142857 66.142857 57.142857 48.142857
57.338552 98.838552 57.338552 15.838552
57.534247 60.034247 57.534247 55.034247
57.729941 64.229941 57.729941 51.229941
57.925636 104.925636 57.925636 10.925636
58.121331 72.621331 58.121331 43.621331
58.317025 105.817025 58.317025 10.817025
58.512720 93.012720 58.512720 24.012720
58.708415 92.708415 58.708415 24.708415
58.904110 77.904110 58.904110 39.904110
59.099804 102.599804 59.099804 15.599804
59.295499 87.295499 59.295499 31.295499
59.491194 74.991194 59.491194 43.991194
59.686888 102.186888 59.686888 17.186888
59.882583 99.382583 59.882583 20.382583
60.078278 109.078278 60.078278 11.078278
60.273973 109.273973 60.273973 11.273973
60.469667 90.969667 60.469667 29.969667
60.665362 61.665362 60.665362 59.665362
60.861057 73.861057 60.861057 47.861057
61.056751 77.056751 61.056751 45.056751
61.252446 72.752446 61.252446 49.752446
61.448141 97.948141 61.448141 24.948141
61.643836 94.143836 61.643836 29.143836
61.839530 108.339530 61.839530 15.339530
62.035225 89.535225 62.035225 34.535225
62.230920 84.730920 62.230920 39.730920
62.426614 94.926614 62.426614 29.926614
62.622309 74.122309 62.622309 51.122309
62.818004 65.318004 62.818004 60.318004
63.013699 74.013699 63.013699 52.013699
63.209393 106.709393 63.209393 19.709393
63.405088 69.405088 63.405088 57.405088
63.600783 112.100783 63.600783 15.100783
63.796477 84.296477 63.796477 43.296477
63.992172 73.492172 63.992172 54.492172
64.187867 92.687867 64.187867 35.687867
64.383562 85.383562 64.383562 43.383562
64.579256 104.079256 64.579256 25.079256
64.774951 68.774951 64.774951 60.774951
64.970646 66.470646 64.970646 63.470646
65.166341 107.666341 65.166341 22.666341
65.362035 71.862035 65.362035 58.862035
65.557730 113.557730 65.557730 17.557730
65.753425 96.753425 65.753425 34.753425
65.949119 79.449119 65.949119 52.449119
66.144814 101.144814 66.144814 31.144814
66.340509 92.840509 66.340509 39.840509
66.536204 98.036204 66.536204 35.036204
66.731898 98.231898 66.731898 35.231898
66.927593 103.427593 66.927593 30.427593
67.123288 69.623288 67.123288 64.623288
67.318982 107.818982 67.318982 26.818982
67.514677 87.514677 67.514677 47.514677
67.710372 76.210372 67.710372 59.210372
67.906067 112.906067 67.906067 22.906067
68.101761 113.101761 68.101761 23.101761
68.297456 110.797456 68.297456 25.797456
68.493151 98.493151 68.493151 38.493151
68.688845 89.688845 68.688845 47.688845
68.884540 96.884540 68.884540 40.884540
69.080235 96.580235 69.080235 41.580235
69.275930 105.275930 69.275930 33.275930
69.471624 88.471624 69.471624 50.471624
69.667319 82.167319 69.667319 57.167319
69.863014 103.363014 69.863014 36.363014
70.058708 72.058708 70.058708 68.058708
70.254403 89.754403 70.254403 50.754403
70.450098 109.950098 70.450098 30.950098
70.645793 88.145793 70.645793 53.145793
70.841487 99.341487 70.841487 42.341487
71.037182 87.037182 71.037182 55.037182
71.232877 121.232877 71.232877 21.232877
71.428571 72.928571 71.428571 69.928571
71.624266 85.624266 71.624266 57.624266
71.819961 97.319961 71.819961 46.319961
72.015656 90.515656 72.015656 53.515656
72.211350 83.711350 72.211350 60.711350
72.407045 91.907045 72.407045 52.907045
72.602740 113.102740 72.602740 32.102740
72.798434 112.298434 72.798434 33.298434
72.994129 105.994129 72.994129 39.994129
73.189824 91.189824 73.189824 55.189824
73.385519 90.385519 73.385519 56.385519
73.581213 76.581213 73.581213 70.581213
73.776908 117.276908 73.776908 30.276908
73.972603 77.972603 73.972603 69.972603
74.168297 108.668297 74.168297 39.668297
74.363992 103.363992 74.363992 45.363992
74.559687 96.559687 74.559687 52.559687
74.755382 99.255382 74.755382 50.255382
74.951076 108.951076 74.951076 40.951076
75.146771 85.646771 75.146771 64.646771
75.342466 93.842466 75.342466 56.842466
75.538160 113.538160 75.538160 37.538160
75.733855 81.233855 75.733855 70.233855
75.929550 107.929550 75.929550 43.929550
76.125245 114.125245 76.125245 38.125245
76.320939 108.820939 76.320939 43.820939
76.516634 110.016634 76.516634 43.016634
76.712329 106.712329 76.712329 46.712329
76.908023 114.408023 76.908023 39.408023
77.103718 100.603718 77.103718 53.603718
77.299413 84.799413 77.299413 69.799413
77.495108 93.495108 77.495108 61.495108
77.690802 120.190802 77.690802 35.190802
77.886497 110.886497 77.886497 44.886497
78.082192 97.582192 78.082192 58.582192
78.277886 124.277886 78.277886 32.277886
78.473581 104.973581 78.473581 51.973581
78.669276 86.669276 78.669276 70.669276
78.864971 113.864971 78.864971 43.864971
79.060665 118.560665 79.060665 39.560665
79.256360 121.756360 79.256360 36.756360
79.452055 102.452055 79.452055 56.452055
79.647750 84.147750 79.647750 75.147750
79.843444 86.843444 79.843444 72.843444
80.039139 109.039139 80.039139 51.039139
80.234834 111.734834 80.234834 48.734834
80.430528 115.430528 80.430528 45.430528
80.626223 101.626223 80.626223 59.626223
80.821918 87.821918 80.821918 73.821918
81.017613 97.017613 81.017613 65.017613
81.213307 117.213307 81.213307 45.213307
81.409002 92.409002 81.409002 70.409002
81.604697 118.604697 81.604697 44.604697
81.800391 101.300391 81.800391 62.300391
81.996086 83.496086 81.996086 80.496086
82.191781 115.191781 82.191781 49.191781
82.387476 114.387476 82.387476 50.387476
82.583170 118.583170 82.583170 46.583170
82.778865 123.278865 82.778865 42.278865
82.974560 117.474560 82.974560 48.474560
83.170254 97.170254 83.170254 69.170254
83.365949 116.365949 83.365949 50.365949
83.561644 122.061644 83.561644 45.061644
83.757339 98.757339 83.757339 68.757339
83.953033 124.953033 83.953033 42.953033
84.148728 88.148728 84.148728 80.148728
84.344423 129.844423 84.344423 38.844423
84.540117 134.540117 84.540117 34.540117
84.735812 105.735812 84.735812 63.735812
84.931507 98.431507 84.931507 71.431507
85.127202 98.127202 85.127202 72.127202
85.322896 102.822896 85.322896 67.822896
85.518591 125.018591 85.518591 46.018591
85.714286 117.714286 85.714286 53.714286
85.909980 123.409980 85.909980 48.409980
86.105675 131.605675 86.105675 40.605675
86.301370 136.301370 86.301370 36.301370
86.497065 135.497065 86.497065 37.497065
86.692759 110.692759 86.692759 62.692759
86.888454 110.888454 86.888454 62.888454
87.084149 90.584149 87.084149 83.584149
87.279843 102.779843 87.279843 71.779843
87.475538 133.975538 87.475538 40.975538
87.671233 122.171233 87.671233 53.171233
87.866928 102.366928 87.866928 73.366928
88.062622 110.062622 88.062622 66.062622
88.258317 106.758317 88.258317 69.758317
88.454012 113.954012 88.454012 62.954012
88.649706 96.649706 88.649706 80.649706
88.845401 111.345401 88.845401 66.345401
89.041096 135.041096 89.041096 43.041096
89.236791 93.736791 89.236791 84.736791
89.432485 108.432485 89.432485 70.432485
89.628180 92.628180 89.628180 86.628180
89.823875 131.323875 89.823875 48.323875
90.019569 130.519569 90.019569 49.519569
90.215264 132.715264 90.215264 47.715264
90.410959 123.910959 90.410959 56.910959
90.606654 139.106654 90.606654 42.106654
90.802348 120.802348 90.802348 60.802348
90.998043 134.998043 90.998043 46.998043
91.193738 94.193738 91.193738 88.193738
91.389432 92.889432 91.389432 89.889432
91.585127 102.085127 91.585127 81.085127
91.780822 120.780822 91.780822 62.780822
91.976517 130.976517 91.976517 52.976517
92.172211 136.172211 92.172211 48.172211
92.367906 96.867906 92.367906 87.867906
92.563601 135.563601 92.563601 49.563601
92.759295 139.759295 92.759295 45.759295
92.954990 119.954990 92.954990 65.954990
93.150685 96.150685 93.150685 90.150685
93.346380 137.846380 93.346380 48.846380
93.542074 101.542074 93.542074 85.542074
93.737769 133.737769 93.737769 53.737769
93.933464 109.433464 93.933464 78.433464
94.129159 127.129159 94.129159 61.129159
94.324853 138.324853 94.324853 50.324853
94.520548 102.020548 94.520548 87.020548
94.716243 138.216243 94.716243 51.216243
94.911937 138.411937 94.911937 51.411937
95.107632 132.607632 95.107632 57.607632
95.303327 128.803327 95.303327 61.803327
95.499022 142.499022 95.499022 48.499022
95.694716 115.694716 95.694716 75.694716
95.890411 118.390411 95.890411 73.390411
96.086106 107.086106 96.086106 85.086106
96.281800 136.281800 96.281800 56.281800
96.477495 140.477495 96.477495 52.477495
96.673190 133.173190 96.673190 60.173190
96.868885 103.368885 96.868885 90.368885
97.064579 102.064579 97.064579 92.064579
97.260274 102.260274 97.260274 92.260274
97.455969 107.455969 97.455969 87.455969
97.651663 120.151663 97.651663 75.151663
97.847358 113.847358 97.847358 81.847358
98.043053 130.543053 98.043053 65.543053
98.238748 135.738748 98.238748 60.738748
98.434442 115.434442 98.434442 81.434442
98.630137 139.630137 98.630137 57.630137
98.825832 111.825832 98.825832 85.825832
99.021526 130.021526 99.021526 68.021526
99.217221 142.217221 99.217221 56.217221
99.412916 108.412916 99.412916 90.412916
99.608611 125.108611 99.608611 74.108611
99.804305 135.804305 99.804305 63.804305
100.000000 112.000000 100.000000 88.000000