0.000000 47.500000 0.000000 -47.500000
6.666667 24.666667 6.666667 -11.333333
13.333333 16.333333 13.333333 10.333333
20.000000 66.500000 20.000000 -26.500000
26.666667 65.666667 26.666667 -12.333333
33.333333 45.833333 33.333333 20.833333
40.000000 67.000000 40.000000 13.000000
46.666667 50.666667 46.666667 42.666667
53.333333 96.333333 53.333333 10.333333
60.000000 98.000000 60.000000 22.000000
66.666667 75.666667 66.666667 57.666667
73.333333 114.833333 73.333333 31.833333
80.000000 82.000000 80.000000 78.000000
86.666667 87.666667 86.666667 85.666667
93.333333 129.333333 93.333333 57.333333
100.000000 146.500000 100.000000 53.500000