0.000000 8.500000 0.000000 -8.500000
0.787402 30.287402 0.787402 -28.712598
1.574803 14.074803 1.574803 -10.925197
2.362205 7.362205 2.362205 -2.637795
3.149606 23.649606 3.149606 -17.350394
3.937008 45.437008 3.937008 -37.562992
4.724409 13.224409 4.724409 -3.775591
5.511811 16.011811 5.511811 -4.988189
6.299213 11.299213 6.299213 1.299213
7.086614 46.086614 7.086614 -31.913386
7.874016 57.374016 7.874016 -41.625984
8.661417 31.161417 8.661417 -13.838583
9.448819 16.448819 9.448819 2.448819
10.236220 22.736220 10.236220 -2.263780
11.023622 54.523622 11.023622 -32.476378
11.811024 15.311024 11.811024 8.311024
12.598425 16.098425 12.598425 9.098425
13.385827 26.885827 13.385827 -0.114173
14.173228 36.673228 14.173228 -8.326772
14.960630 48.960630 14.960630 -19.039370
15.748031 29.248031 15.748031 2.248031
16.535433 51.535433 16.535433 -18.464567
17.322835 45.322835 17.322835 -10.677165
18.110236 20.610236 18.110236 15.610236
18.897638 27.397638 18.897638 10.397638
19.685039 49.185039 19.685039 -9.814961
20.472441 45.972441 20.472441 -5.027559
21.259843 71.259843 21.259843 -28.740157
22.047244 71.047244 22.047244 -26.952756
22.834646 61.334646 22.834646 -15.665354
23.622047 35.622047 23.622047 11.622047
24.409449 61.409449 24.409449 -12.590551
25.196850 58.696850 25.196850 -8.303150
25.984252 57.484252 25.984252 -5.515748
26.771654 69.771654 26.771654 -16.228346
27.559055 55.059055 27.559055 0.059055
28.346457 73.846457 28.346457 -17.153543
29.133858 30.133858 29.133858 28.133858
29.921260 59.421260 29.921260 0.421260
30.708661 45.208661 30.708661 16.208661
31.496063 68.996063 31.496063 -6.003937
32.283465 43.283465 32.283465 21.283465
33.070866 36.070866 33.070866 30.070866
33.858268 48.358268 33.858268 19.358268
34.645669 41.645669 34.645669 27.645669
35.433071 58.433071 35.433071 12.433071
36.220472 47.720472 36.220472 24.720472
37.007874 65.007874 37.007874 9.007874
37.795276 41.795276 37.795276 33.795276
38.582677 43.582677 38.582677 33.582677
39.370079 55.870079 39.370079 22.870079
40.157480 71.657480 40.157480 8.657480
40.944882 78.944882 40.944882 2.944882
41.732283 64.232283 41.732283 19.232283
42.519685 54.519685 42.519685 30.519685
43.307087 71.807087 43.307087 14.807087
44.094488 55.094488 44.094488 33.094488
44.881890 58.881890 44.881890 30.881890
45.669291 54.669291 45.669291 36.669291
46.456693 85.456693 46.456693 7.456693
47.244094 51.744094 47.244094 42.744094
48.031496 75.531496 48.031496 20.531496
48.818898 85.818898 48.818898 11.818898
49.606299 82.606299 49.606299 16.606299
50.393701 83.393701 50.393701 17.393701
51.181102 85.681102 51.181102 16.681102
51.968504 57.968504 51.968504 45.968504
52.755906 70.755906 52.755906 34.755906
53.543307 84.043307 53.543307 23.043307
54.330709 71.830709 54.330709 36.830709
55.118110 96.118110 55.118110 14.118110
55.905512 61.905512 55.905512 49.905512
56.692913 77.692913 56.692913 35.692913
57.480315 97.480315 57.480315 17.480315
58.267717 102.267717 58.267717 14.267717
59.055118 77.055118 59.055118 41.055118
59.842520 100.842520 59.842520 18.842520
60.629921 67.129921 60.629921 54.129921
61.417323 78.917323 61.417323 43.917323
62.204724 85.704724 62.204724 38.704724
62.992126 85.992126 62.992126 39.992126
63.779528 83.279528 63.779528 44.279528
64.566929 68.066929 64.566929 61.066929
65.354331 86.854331 65.354331 43.854331
66.141732 116.141732 66.141732 16.141732
66.929134 107.429134 66.929134 26.429134
67.716535 95.216535 67.716535 40.216535
68.503937 109.003937 68.503937 28.003937
69.291339 92.291339 69.291339 46.291339
70.078740 99.578740 70.078740 40.578740
70.866142 120.866142 70.866142 20.866142
71.653543 108.653543 71.653543 34.653543
72.440945 95.940945 72.440945 48.940945
73.228346 104.228346 73.228346 42.228346
74.015748 80.515748 74.015748 67.515748
74.803150 119.803150 74.803150 29.803150
75.590551 84.090551 75.590551 67.090551
76.377953 87.877953 76.377953 64.877953
77.165354 108.665354 77.165354 45.665354
77.952756 102.952756 77.952756 52.952756
78.740157 102.240157 78.740157 55.240157
79.527559 85.027559 79.527559 74.027559
80.314961 84.814961 80.314961 75.814961
81.102362 126.602362 81.102362 35.602362
81.889764 101.889764 81.889764 61.889764
82.677165 84.177165 82.677165 81.177165
83.464567 106.964567 83.464567 59.964567
84.251969 127.251969 84.251969 41.251969
85.039370 128.539370 85.039370 41.539370
85.826772 111.326772 85.826772 60.326772
86.614173 111.114173 86.614173 62.114173
87.401575 99.401575 87.401575 75.401575
88.188976 137.188976 88.188976 39.188976
88.976378 96.476378 88.976378 81.476378
89.763780 96.263780 89.763780 83.263780
90.551181 106.051181 90.551181 75.051181
91.338583 135.338583 91.338583 47.338583
92.125984 106.125984 92.125984 78.125984
92.913386 123.413386 92.913386 62.413386
93.700787 107.200787 93.700787 80.200787
94.488189 140.488189 94.488189 48.488189
95.275591 125.775591 95.275591 64.775591
96.062992 104.562992 96.062992 87.562992
96.850394 143.350394 96.850394 50.350394
97.637795 103.137795 97.637795 92.137795
98.425197 105.925197 98.425197 90.925197
99.212598 131.212598 99.212598 67.212598
100.000000 113.500000 100.000000 86.500000