0.000000 28.000000 0.000000 -28.000000
3.225806 44.725806 3.225806 -38.274194
6.451613 24.451613 6.451613 -11.548387
9.677419 25.177419 9.677419 -5.822581
12.903226 46.903226 12.903226 -21.096774
16.129032 19.129032 16.129032 13.129032
19.354839 35.854839 19.354839 2.854839
22.580645 67.080645 22.580645 -21.919355
25.806452 46.806452 25.806452 4.806452
29.032258 54.532258 29.032258 3.532258
32.258065 50.258065 32.258065 14.258065
35.483871 84.983871 35.483871 -14.016129
38.709677 62.209677 38.709677 15.209677
41.935484 89.435484 41.935484 -5.564516
45.161290 50.661290 45.161290 39.661290
48.387097 64.387097 48.387097 32.387097
51.612903 71.612903 51.612903 31.612903
54.838710 96.838710 54.838710 12.838710
58.064516 66.564516 58.064516 49.564516
61.290323 73.290323 61.290323 49.290323
64.516129 73.016129 64.516129 56.016129
67.741935 96.241935 67.741935 39.241935
70.967742 78.967742 70.967742 62.967742
74.193548 108.193548 74.193548 40.193548
77.419355 122.419355 77.419355 32.419355
80.645161 114.645161 80.645161 46.645161
83.870968 116.870968 83.870968 50.870968
87.096774 108.096774 87.096774 66.096774
90.322581 123.322581 90.322581 57.322581
93.548387 113.548387 93.548387 73.548387
96.774194 126.274194 96.774194 67.274194
100.000000 141.000000 100.000000 59.000000