0.000000 0.500000 0.000000 -0.500000
0.392157 43.392157 0.392157 -42.607843
0.784314 16.284314 0.784314 -14.715686
1.176471 46.676471 1.176471 -44.323529
1.568627 24.568627 1.568627 -21.431373
1.960784 18.460784 1.960784 -14.539216
2.352941 52.352941 2.352941 -47.647059
2.745098 43.745098 2.745098 -38.254902
3.137255 18.137255 3.137255 -11.862745
3.529412 47.529412 3.529412 -40.470588
3.921569 19.921569 3.921569 -12.078431
4.313725 52.313725 4.313725 -43.686275
4.705882 51.205882 4.705882 -41.794118
5.098039 30.098039 5.098039 -19.901961
5.490196 30.490196 5.490196 -19.509804
5.882353 55.882353 5.882353 -44.117647
6.274510 26.274510 6.274510 -13.725490
6.666667 54.166667 6.666667 -40.833333
7.058824 12.058824 7.058824 2.058824
7.450980 26.950980 7.450980 -12.049020
7.843137 44.843137 7.843137 -29.156863
8.235294 45.735294 8.235294 -29.264706
8.627451 17.627451 8.627451 -0.372549
9.019608 27.519608 9.019608 -9.480392
9.411765 42.911765 9.411765 -24.088235
9.803922 41.303922 9.803922 -21.696078
10.196078 46.696078 10.196078 -26.303922
10.588235 44.588235 10.588235 -23.411765
10.980392 13.480392 10.980392 8.480392
11.372549 26.372549 11.372549 -3.627451
11.764706 36.264706 11.764706 -12.735294
12.156863 29.656863 12.156863 -5.343137
12.549020 16.549020 12.549020 8.549020
12.941176 29.941176 12.941176 -4.058824
13.333333 19.833333 13.333333 6.833333
13.725490 21.225490 13.725490 6.225490
14.117647 33.117647 14.117647 -4.882353
14.509804 52.509804 14.509804 -23.490196
14.901961 58.401961 14.901961 -28.598039
15.294118 58.294118 15.294118 -27.705882
15.686275 22.686275 15.686275 8.686275
16.078431 59.578431 16.078431 -27.421569
16.470588 46.470588 16.470588 -13.529412
16.862745 46.862745 16.862745 -13.137255
17.254902 63.254902 17.254902 -28.745098
17.647059 20.647059 17.647059 14.647059
18.039216 53.539216 18.039216 -17.460784
18.431373 43.431373 18.431373 -6.568627
18.823529 37.323529 18.823529 0.323529
19.215686 69.215686 19.215686 -30.784314
19.607843 67.607843 19.607843 -28.392157
20.000000 46.000000 20.000000 -6.000000
20.392157 54.392157 20.392157 -13.607843
20.784314 21.284314 20.784314 20.284314
21.176471 46.176471 21.176471 -3.823529
21.568627 48.568627 21.568627 -5.431373
21.960784 37.460784 21.960784 6.460784
22.352941 65.352941 22.352941 -20.647059
22.745098 26.245098 22.745098 19.245098
23.137255 50.137255 23.137255 -3.862745
23.529412 24.029412 23.529412 23.029412
23.921569 57.421569 23.921569 -9.578431
24.313725 51.313725 24.313725 -2.686275
24.705882 47.205882 24.705882 2.205882
25.098039 64.598039 25.098039 -14.401961
25.490196 33.990196 25.490196 16.990196
25.882353 33.882353 25.882353 17.882353
26.274510 67.274510 26.274510 -14.725490
26.666667 75.666667 26.666667 -22.333333
27.058824 41.558824 27.058824 12.558824
27.450980 60.450980 27.450980 -5.549020
27.843137 68.343137 27.843137 -12.656863
28.235294 69.735294 28.235294 -13.264706
28.627451 44.127451 28.627451 13.127451
29.019608 33.019608 29.019608 25.019608
29.411765 60.411765 29.411765 -1.588235
29.803922 36.803922 29.803922 22.803922
30.196078 70.696078 30.196078 -10.303922
30.588235 79.588235 30.588235 -18.411765
30.980392 76.480392 30.980392 -14.519608
31.372549 40.872549 31.372549 21.872549
31.764706 78.264706 31.764706 -14.735294
32.156863 39.156863 32.156863 25.156863
32.549020 35.049020 32.549020 30.049020
32.941176 66.941176 32.941176 -1.058824
33.333333 39.833333 33.333333 26.833333
33.725490 44.725490 33.725490 22.725490
34.117647 67.117647 34.117647 1.117647
34.509804 51.009804 34.509804 18.009804
34.901961 60.401961 34.901961 9.401961
35.294118 62.294118 35.294118 8.294118
35.686275 58.686275 35.686275 12.686275
36.078431 62.078431 36.078431 10.078431
36.470588 65.470588 36.470588 7.470588
36.862745 56.362745 36.862745 17.362745
37.254902 80.254902 37.254902 -5.745098
37.647059 55.647059 37.647059 19.647059
38.039216 81.039216 38.039216 -4.960784
38.431373 59.931373 38.431373 16.931373
38.823529 50.823529 38.823529 26.823529
39.215686 75.715686 39.215686 2.715686
39.607843 44.607843 39.607843 34.607843
40.000000 48.000000 40.000000 32.000000
40.392157 85.892157 40.392157 -5.107843
40.784314 69.784314 40.784314 11.784314
41.176471 75.676471 41.176471 6.676471
41.568627 45.568627 41.568627 37.568627
41.960784 59.960784 41.960784 23.960784
42.352941 60.352941 42.352941 24.352941
42.745098 48.745098 42.745098 36.745098
43.137255 68.137255 43.137255 18.137255
43.529412 65.529412 43.529412 21.529412
43.921569 55.921569 43.921569 31.921569
44.313725 54.313725 44.313725 34.313725
44.705882 57.705882 44.705882 31.705882
45.098039 50.098039 45.098039 40.098039
45.490196 58.990196 45.490196 31.990196
45.882353 55.882353 45.882353 35.882353
46.274510 67.274510 46.274510 25.274510
46.666667 47.666667 46.666667 45.666667
47.058824 57.058824 47.058824 37.058824
47.450980 60.950980 47.450980 33.950980
47.843137 77.843137 47.843137 17.843137
48.235294 54.235294 48.235294 42.235294
48.627451 56.627451 48.627451 40.627451
49.019608 70.519608 49.019608 27.519608
49.411765 51.911765 49.411765 46.911765
49.803922 73.803922 49.803922 25.803922
50.196078 98.196078 50.196078 2.196078
50.588235 95.588235 50.588235 5.588235
50.980392 96.980392 50.980392 4.980392
51.372549 62.372549 51.372549 40.372549
51.764706 83.264706 51.764706 20.264706
52.156863 53.156863 52.156863 51.156863
52.549020 92.049020 52.549020 13.049020
52.941176 53.441176 52.941176 52.441176
53.333333 91.833333 53.333333 14.833333
53.725490 70.725490 53.725490 36.725490
54.117647 59.617647 54.117647 48.617647
54.509804 100.009804 54.509804 9.009804
54.901961 93.901961 54.901961 15.901961
55.294118 61.794118 55.294118 48.794118
55.686275 103.686275 55.686275 7.686275
56.078431 73.078431 56.078431 39.078431
56.470588 86.970588 56.470588 25.970588
56.862745 85.862745 56.862745 27.862745
57.254902 106.754902 57.254902 7.754902
57.647059 107.147059 57.647059 8.147059
58.039216 81.039216 58.039216 35.039216
58.431373 77.431373 58.431373 39.431373
58.823529 60.823529 58.823529 56.823529
59.215686 95.215686 59.215686 23.215686
59.607843 72.607843 59.607843 46.607843
60.000000 80.500000 60.000000 39.500000
60.392157 101.892157 60.392157 18.892157
60.784314 89.284314 60.784314 32.284314
61.176471 90.176471 61.176471 32.176471
61.568627 77.068627 61.568627 46.068627
61.960784 76.460784 61.960784 47.460784
62.352941 76.352941 62.352941 48.352941
62.745098 98.245098 62.745098 27.245098
63.137255 75.637255 63.137255 50.637255
63.529412 91.529412 63.529412 35.529412
63.921569 80.421569 63.921569 47.421569
64.313725 78.313725 64.313725 50.313725
64.705882 78.205882 64.705882 51.205882
65.098039 90.598039 65.098039 39.598039
65.490196 93.990196 65.490196 36.990196
65.882353 72.382353 65.882353 59.382353
66.274510 68.774510 66.274510 63.774510
66.666667 107.666667 66.666667 25.666667
67.058824 77.558824 67.058824 56.558824
67.450980 103.450980 67.450980 31.450980
67.843137 102.343137 67.843137 33.343137
68.235294 76.735294 68.235294 59.735294
68.627451 111.127451 68.627451 26.127451
69.019608 93.019608 69.019608 45.019608
69.411765 104.911765 69.411765 33.911765
69.803922 84.803922 69.803922 54.803922
70.196078 81.696078 70.196078 58.696078
70.588235 116.088235 70.588235 25.088235
70.980392 102.480392 70.980392 39.480392
71.372549 83.372549 71.372549 59.372549
71.764706 101.764706 71.764706 41.764706
72.156863 79.156863 72.156863 65.156863
72.549020 75.549020 72.549020 69.549020
72.941176 83.441176 72.941176 62.441176
73.333333 84.833333 73.333333 61.833333
73.725490 106.225490 73.725490 41.225490
74.117647 85.117647 74.117647 63.117647
74.509804 108.009804 74.509804 41.009804
74.901961 108.401961 74.901961 41.401961
75.294118 90.794118 75.294118 59.794118
75.686275 104.186275 75.686275 47.186275
76.078431 109.078431 76.078431 43.078431
76.470588 109.970588 76.470588 42.970588
76.862745 102.362745 76.862745 51.362745
77.254902 79.254902 77.254902 75.254902
77.647059 116.147059 77.647059 39.147059
78.039216 117.539216 78.039216 38.539216
78.431373 119.931373 78.431373 36.931373
78.823529 98.323529 78.823529 59.323529
79.215686 97.215686 79.215686 61.215686
79.607843 96.607843 79.607843 62.607843
80.000000 115.500000 80.000000 44.500000
80.392157 99.892157 80.392157 60.892157
80.784314 82.784314 80.784314 78.784314
81.176471 104.176471 81.176471 58.176471
81.568627 95.568627 81.568627 67.568627
81.960784 98.960784 81.960784 64.960784
82.352941 85.352941 82.352941 79.352941
82.745098 109.745098 82.745098 55.745098
83.137255 102.637255 83.137255 63.637255
83.529412 133.529412 83.529412 33.529412
83.921569 110.421569 83.921569 57.421569
84.313725 128.813725 84.313725 39.813725
84.705882 125.705882 84.705882 43.705882
85.098039 101.598039 85.098039 68.598039
85.490196 98.990196 85.490196 71.990196
85.882353 99.882353 85.882353 71.882353
86.274510 124.274510 86.274510 48.274510
86.666667 135.666667 86.666667 37.666667
87.058824 119.558824 87.058824 54.558824
87.450980 130.450980 87.450980 44.450980
87.843137 130.843137 87.843137 44.843137
88.235294 116.235294 88.235294 60.235294
88.627451 101.627451 88.627451 75.627451
89.019608 108.019608 89.019608 70.019608
89.411765 116.911765 89.411765 61.911765
89.803922 92.303922 89.803922 87.303922
90.196078 107.196078 90.196078 73.196078
90.588235 131.088235 90.588235 50.088235
90.980392 115.980392 90.980392 65.980392
91.372549 104.372549 91.372549 78.372549
91.764706 106.264706 91.764706 77.264706
92.156863 133.156863 92.156863 51.156863
92.549020 122.549020 92.549020 62.549020
92.941176 112.941176 92.941176 72.941176
93.333333 99.333333 93.333333 87.333333
93.725490 143.725490 93.725490 43.725490
94.117647 94.617647 94.117647 93.617647
94.509804 107.509804 94.509804 81.509804
94.901961 128.901961 94.901961 60.901961
95.294118 126.794118 95.294118 63.794118
95.686275 117.186275 95.686275 74.186275
96.078431 128.078431 96.078431 64.078431
96.470588 98.470588 96.470588 94.470588
96.862745 119.362745 96.862745 74.362745
97.254902 113.754902 97.254902 80.754902
97.647059 137.647059 97.647059 57.647059
98.039216 141.039216 98.039216 55.039216
98.431373 144.931373 98.431373 51.931373
98.823529 113.823529 98.823529 83.823529
99.215686 144.715686 99.215686 53.715686
99.607843 104.607843 99.607843 94.607843
100.000000 120.000000 100.000000 80.000000