0.000000 49.500000 0.000000 -49.500000
3.225806 52.725806 3.225806 -46.274194
6.451613 29.451613 6.451613 -16.548387
9.677419 27.177419 9.677419 -7.822581
12.903226 62.403226 12.903226 -36.596774
16.129032 40.629032 16.129032 -8.370968
19.354839 35.354839 19.354839 3.354839
22.580645 42.080645 22.580645 3.080645
25.806452 26.806452 25.806452 24.806452
29.032258 54.532258 29.032258 3.532258
32.258065 38.758065 32.258065 25.758065
35.483871 50.983871 35.483871 19.983871
38.709677 51.709677 38.709677 25.709677
41.935484 42.435484 41.935484 41.435484
45.161290 84.161290 45.161290 6.161290
48.387097 81.887097 48.387097 14.887097
51.612903 71.612903 51.612903 31.612903
54.838710 80.338710 54.838710 29.338710
58.064516 89.064516 58.064516 27.064516
61.290323 68.290323 61.290323 54.290323
64.516129 79.016129 64.516129 50.016129
67.741935 109.741935 67.741935 25.741935
70.967742 114.467742 70.967742 27.467742
74.193548 77.193548 74.193548 71.193548
77.419355 102.419355 77.419355 52.419355
80.645161 122.645161 80.645161 38.645161
83.870968 129.870968 83.870968 37.870968
87.096774 127.596774 87.096774 46.596774
90.322581 139.322581 90.322581 41.322581
93.548387 122.548387 93.548387 64.548387
96.774194 100.274194 96.774194 93.274194
100.000000 104.500000 100.000000 95.500000