0.000000 13.000000 0.000000 -13.000000
0.787402 28.287402 0.787402 -26.712598
1.574803 48.574803 1.574803 -45.425197
2.362205 50.362205 2.362205 -45.637795
3.149606 33.649606 3.149606 -27.350394
3.937008 44.937008 3.937008 -37.062992
4.724409 20.724409 4.724409 -11.275591
5.511811 19.511811 5.511811 -8.488189
6.299213 27.799213 6.299213 -15.200787
7.086614 44.586614 7.086614 -30.413386
7.874016 31.374016 7.874016 -15.625984
8.661417 58.161417 8.661417 -40.838583
9.448819 51.948819 9.448819 -33.051181
10.236220 26.736220 10.236220 -6.263780
11.023622 20.023622 11.023622 2.023622
11.811024 54.811024 11.811024 -31.188976
12.598425 56.098425 12.598425 -30.901575
13.385827 18.885827 13.385827 7.885827
14.173228 52.673228 14.173228 -24.326772
14.960630 21.960630 14.960630 7.960630
15.748031 46.248031 15.748031 -14.751969
16.535433 56.535433 16.535433 -23.464567
17.322835 28.322835 17.322835 6.322835
18.110236 20.110236 18.110236 16.110236
18.897638 59.397638 18.897638 -21.602362
19.685039 21.685039 19.685039 17.685039
20.472441 57.972441 20.472441 -17.027559
21.259843 38.259843 21.259843 4.259843
22.047244 43.047244 22.047244 1.047244
22.834646 32.834646 22.834646 12.834646
23.622047 71.122047 23.622047 -23.877953
24.409449 31.409449 24.409449 17.409449
25.196850 48.696850 25.196850 1.696850
25.984252 68.984252 25.984252 -17.015748
26.771654 39.271654 26.771654 14.271654
27.559055 49.559055 27.559055 5.559055
28.346457 78.346457 28.346457 -21.653543
29.133858 75.633858 29.133858 -17.366142
29.921260 32.421260 29.921260 27.421260
30.708661 58.208661 30.708661 3.208661
31.496063 31.996063 31.496063 30.996063
32.283465 68.783465 32.283465 -4.216535
33.070866 64.070866 33.070866 2.070866
33.858268 52.858268 33.858268 14.858268
34.645669 49.645669 34.645669 19.645669
35.433071 38.433071 35.433071 32.433071
36.220472 71.720472 36.220472 0.720472
37.007874 82.007874 37.007874 -7.992126
37.795276 74.295276 37.795276 1.295276
38.582677 68.082677 38.582677 9.082677
39.370079 87.370079 39.370079 -8.629921
40.157480 58.657480 40.157480 21.657480
40.944882 45.944882 40.944882 35.944882
41.732283 66.232283 41.732283 17.232283
42.519685 51.019685 42.519685 34.019685
43.307087 56.307087 43.307087 30.307087
44.094488 44.594488 44.094488 43.594488
44.881890 83.381890 44.881890 6.381890
45.669291 84.169291 45.669291 7.169291
46.456693 47.456693 46.456693 45.456693
47.244094 53.744094 47.244094 40.744094
48.031496 52.531496 48.031496 43.531496
48.818898 52.818898 48.818898 44.818898
49.606299 79.606299 49.606299 19.606299
50.393701 75.393701 50.393701 25.393701
51.181102 76.181102 51.181102 26.181102
51.968504 84.468504 51.968504 19.468504
52.755906 95.255906 52.755906 10.255906
53.543307 54.543307 53.543307 52.543307
54.330709 96.830709 54.330709 11.830709
55.118110 94.118110 55.118110 16.118110
55.905512 70.405512 55.905512 41.405512
56.692913 92.192913 56.692913 21.192913
57.480315 103.480315 57.480315 11.480315
58.267717 105.767717 58.267717 10.767717
59.055118 72.555118 59.055118 45.555118
59.842520 67.842520 59.842520 51.842520
60.629921 79.629921 60.629921 41.629921
61.417323 72.917323 61.417323 49.917323
62.204724 63.704724 62.204724 60.704724
62.992126 72.492126 62.992126 53.492126
63.779528 76.279528 63.779528 51.279528
64.566929 114.566929 64.566929 14.566929
65.354331 98.354331 65.354331 32.354331
66.141732 72.141732 66.141732 60.141732
66.929134 108.429134 66.929134 25.429134
67.716535 104.716535 67.716535 30.716535
68.503937 104.503937 68.503937 32.503937
69.291339 97.291339 69.291339 41.291339
70.078740 89.578740 70.078740 50.578740
70.866142 88.366142 70.866142 53.366142
71.653543 76.153543 71.653543 67.153543
72.440945 83.440945 72.440945 61.440945
73.228346 77.728346 73.228346 68.728346
74.015748 112.015748 74.015748 36.015748
74.803150 78.303150 74.803150 71.303150
75.590551 105.090551 75.590551 46.090551
76.377953 90.877953 76.377953 61.877953
77.165354 103.665354 77.165354 50.665354
77.952756 126.952756 77.952756 28.952756
78.740157 113.240157 78.740157 44.240157
79.527559 100.027559 79.527559 59.027559
80.314961 85.814961 80.314961 74.814961
81.102362 102.102362 81.102362 60.102362
81.889764 109.389764 81.889764 54.389764
82.677165 94.677165 82.677165 70.677165
83.464567 83.964567 83.464567 82.964567
84.251969 111.751969 84.251969 56.751969
85.039370 129.039370 85.039370 41.039370
85.826772 104.826772 85.826772 66.826772
86.614173 128.114173 86.614173 45.114173
87.401575 95.401575 87.401575 79.401575
88.188976 118.688976 88.188976 57.688976
88.976378 130.976378 88.976378 46.976378
89.763780 106.263780 89.763780 73.263780
90.551181 111.051181 90.551181 70.051181
91.338583 112.338583 91.338583 70.338583
92.125984 121.125984 92.125984 63.125984
92.913386 99.413386 92.913386 86.413386
93.700787 99.200787 93.700787 88.200787
94.488189 101.988189 94.488189 86.988189
95.275591 117.275591 95.275591 73.275591
96.062992 120.062992 96.062992 72.062992
96.850394 131.350394 96.850394 62.350394
97.637795 115.637795 97.637795 79.637795
98.425197 113.925197 98.425197 82.925197
99.212598 101.712598 99.212598 96.712598
100.000000 147.500000 100.000000 52.500000