0.000000 18.500000 0.000000 -18.500000
0.097752 40.097752 0.097752 -39.902248
0.195503 1.195503 0.195503 -0.804497
0.293255 11.793255 0.293255 -11.206745
0.391007 34.891007 0.391007 -34.108993
0.488759 2.488759 0.488759 -1.511241
0.586510 40.086510 0.586510 -38.913490
0.684262 34.184262 0.684262 -32.815738
0.782014 38.782014 0.782014 -37.217986
0.879765 26.879765 0.879765 -25.120235
0.977517 50.977517 0.977517 -49.022483
1.075269 10.075269 1.075269 -7.924731
1.173021 23.173021 1.173021 -20.826979
1.270772 33.270772 1.270772 -30.729228
1.368524 35.368524 1.368524 -32.631476
1.466276 47.466276 1.466276 -44.533724
1.564027 47.064027 1.564027 -43.935973
1.661779 5.161779 1.661779 -1.838221
1.759531 33.759531 1.759531 -30.240469
1.857283 26.357283 1.857283 -22.642717
1.955034 16.455034 1.955034 -12.544966
2.052786 38.552786 2.052786 -34.447214
2.150538 27.650538 2.150538 -23.349462
2.248289 36.248289 2.248289 -31.751711
2.346041 42.846041 2.346041 -38.153959
2.443793 36.943793 2.443793 -32.056207
2.541544 8.541544 2.541544 -3.458456
2.639296 50.639296 2.639296 -45.360704
2.737048 19.737048 2.737048 -14.262952
2.834800 18.834800 2.834800 -13.165200
2.932551 36.432551 2.932551 -30.567449
3.030303 10.530303 3.030303 -4.469697
3.128055 17.128055 3.128055 -10.871945
3.225806 36.225806 3.225806 -29.774194
3.323558 30.823558 3.323558 -24.176442
3.421310 17.921310 3.421310 -11.078690
3.519062 52.519062 3.519062 -45.480938
3.616813 32.616813 3.616813 -25.383187
3.714565 40.214565 3.714565 -32.785435
3.812317 47.812317 3.812317 -40.187683
3.910068 37.410068 3.910068 -29.589932
4.007820 30.507820 4.007820 -22.492180
4.105572 17.105572 4.105572 -8.894428
4.203324 38.203324 4.203324 -29.796676
4.301075 47.301075 4.301075 -38.698925
4.398827 28.398827 4.398827 -19.601173
4.496579 50.496579 4.496579 -41.503421
4.594330 8.094330 4.594330 1.094330
4.692082 29.192082 4.692082 -19.807918
4.789834 50.789834 4.789834 -41.210166
4.887586 29.387586 4.887586 -19.612414
4.985337 29.485337 4.985337 -19.514663
5.083089 19.083089 5.083089 -8.916911
5.180841 10.180841 5.180841 0.180841
5.278592 38.778592 5.278592 -28.221408
5.376344 11.876344 5.376344 -1.123656
5.474096 10.974096 5.474096 -0.025904
5.571848 28.071848 5.571848 -16.928152
5.669599 33.669599 5.669599 -22.330401
5.767351 54.267351 5.767351 -42.732649
5.865103 34.865103 5.865103 -23.134897
5.962854 9.962854 5.962854 1.962854
6.060606 24.560606 6.060606 -12.439394
6.158358 7.158358 6.158358 5.158358
6.256109 29.756109 6.256109 -17.243891
6.353861 54.353861 6.353861 -41.646139
6.451613 55.451613 6.451613 -42.548387
6.549365 14.049365 6.549365 -0.950635
6.647116 20.647116 6.647116 -7.352884
6.744868 55.744868 6.744868 -42.255132
6.842620 45.842620 6.842620 -32.157380
6.940371 37.440371 6.940371 -23.559629
7.038123 49.538123 7.038123 -35.461877
7.135875 41.135875 7.135875 -26.864125
7.233627 53.733627 7.233627 -39.266373
7.331378 56.331378 7.331378 -41.668622
7.429130 10.429130 7.429130 4.429130
7.526882 9.026882 7.526882 6.026882
7.624633 43.124633 7.624633 -27.875367
7.722385 39.722385 7.722385 -24.277615
7.820137 31.320137 7.820137 -15.679863
7.917889 35.917889 7.917889 -20.082111
8.015640 13.015640 8.015640 3.015640
8.113392 49.113392 8.113392 -32.886608
8.211144 27.211144 8.211144 -10.788856
8.308895 54.308895 8.308895 -37.691105
8.406647 50.406647 8.406647 -33.593353
8.504399 38.504399 8.504399 -21.495601
8.602151 13.602151 8.602151 3.602151
8.699902 20.699902 8.699902 -3.300098
8.797654 10.297654 8.797654 7.297654
8.895406 16.895406 8.895406 0.895406
8.993157 53.493157 8.993157 -35.506843
9.090909 15.090909 9.090909 3.090909
9.188661 52.188661 9.188661 -33.811339
9.286413 52.786413 9.286413 -34.213587
9.384164 54.384164 9.384164 -35.615836
9.481916 10.481916 9.481916 8.481916
9.579668 49.579668 9.579668 -30.420332
9.677419 19.177419 9.677419 0.177419
9.775171 11.775171 9.775171 7.775171
9.872923 18.372923 9.872923 1.372923
9.970674 37.470674 9.970674 -17.529326
10.068426 48.568426 10.068426 -28.431574
10.166178 49.166178 10.166178 -28.833822
10.263930 27.763930 10.263930 -7.236070
10.361681 45.861681 10.361681 -25.138319
10.459433 27.459433 10.459433 -6.540567
10.557185 41.557185 10.557185 -20.442815
10.654936 33.654936 10.654936 -12.345064
10.752688 21.752688 10.752688 -0.247312
10.850440 32.850440 10.850440 -11.149560
10.948192 42.948192 10.948192 -21.051808
11.045943 53.045943 11.045943 -30.954057
11.143695 46.643695 11.143695 -24.356305
11.241447 20.241447 11.241447 2.241447
11.339198 40.339198 11.339198 -17.660802
11.436950 50.436950 11.436950 -27.563050
11.534702 49.534702 11.534702 -26.465298
11.632454 24.632454 11.632454 -1.367546
11.730205 29.230205 11.730205 -5.769795
11.827957 48.827957 11.827957 -25.172043
11.925709 26.425709 11.925709 -2.574291
12.023460 34.523460 12.023460 -10.476540
12.121212 54.121212 12.121212 -29.878788
12.218964 61.718964 12.218964 -37.281036
12.316716 43.316716 12.316716 -18.683284
12.414467 21.414467 12.414467 3.414467
12.512219 16.012219 12.512219 9.012219
12.609971 47.109971 12.609971 -21.890029
12.707722 24.207722 12.707722 1.207722
12.805474 46.305474 12.805474 -20.694526
12.903226 55.403226 12.903226 -29.596774
13.000978 50.000978 13.000978 -23.999022
13.098729 58.098729 13.098729 -31.901271
13.196481 25.696481 13.196481 0.696481
13.294233 57.794233 13.294233 -31.205767
13.391984 15.891984 13.391984 10.891984
13.489736 38.489736 13.489736 -11.510264
13.587488 43.087488 13.587488 -15.912512
13.685239 61.185239 13.685239 -33.814761
13.782991 45.782991 13.782991 -18.217009
13.880743 37.880743 13.880743 -10.119257
13.978495 20.478495 13.978495 7.478495
14.076246 28.076246 14.076246 0.076246
14.173998 52.673998 14.173998 -24.326002
14.271750 52.271750 14.271750 -23.728250
14.369501 15.369501 14.369501 13.369501
14.467253 56.967253 14.467253 -28.032747
14.565005 60.065005 14.565005 -30.934995
14.662757 48.662757 14.662757 -19.337243
14.760508 17.260508 14.760508 12.260508
14.858260 39.858260 14.858260 -10.141740
14.956012 49.456012 14.956012 -19.543988
15.053763 17.053763 15.053763 13.053763
15.151515 28.151515 15.151515 2.151515
15.249267 31.249267 15.249267 -0.750733
15.347019 23.847019 15.347019 6.847019
15.444770 38.444770 15.444770 -7.555230
15.542522 61.542522 15.542522 -30.457478
15.640274 18.140274 15.640274 13.140274
15.738025 30.238025 15.738025 1.238025
15.835777 56.835777 15.835777 -25.164223
15.933529 60.933529 15.933529 -29.066471
16.031281 56.031281 16.031281 -23.968719
16.129032 17.629032 16.129032 14.629032
16.226784 20.226784 16.226784 12.226784
16.324536 62.824536 16.324536 -30.175464
16.422287 42.422287 16.422287 -9.577713
16.520039 19.020039 16.520039 14.020039
16.617791 56.617791 16.617791 -23.382209
16.715543 53.215543 16.715543 -19.784457
16.813294 21.813294 16.813294 11.813294
16.911046 56.411046 16.911046 -22.588954
17.008798 52.508798 17.008798 -18.491202
17.106549 36.606549 17.106549 -2.393451
17.204301 62.704301 17.204301 -28.295699
17.302053 23.802053 17.302053 10.802053
17.399804 40.899804 17.399804 -6.100196
17.497556 43.997556 17.497556 -9.002444
17.595308 48.595308 17.595308 -13.404692
17.693060 20.693060 17.693060 14.693060
17.790811 19.290811 17.790811 16.290811
17.888563 23.888563 17.888563 11.888563
17.986315 45.986315 17.986315 -10.013685
18.084066 48.584066 18.084066 -12.415934
18.181818 57.681818 18.181818 -21.318182
18.279570 66.279570 18.279570 -29.720430
18.377322 28.377322 18.377322 8.377322
18.475073 41.975073 18.475073 -5.024927
18.572825 64.572825 18.572825 -27.427175
18.670577 39.670577 18.670577 -2.329423
18.768328 33.768328 18.768328 3.768328
18.866080 31.866080 18.866080 5.866080
18.963832 60.963832 18.963832 -23.036168
19.061584 54.061584 19.061584 -15.938416
19.159335 19.659335 19.159335 18.659335
19.257087 51.257087 19.257087 -12.742913
19.354839 60.354839 19.354839 -21.645161
19.452590 52.952590 19.452590 -14.047410
19.550342 36.550342 19.550342 2.550342
19.648094 67.648094 19.648094 -28.351906
19.745846 46.745846 19.745846 -7.254154
19.843597 48.343597 19.843597 -8.656403
19.941349 25.941349 19.941349 13.941349
20.039101 45.539101 20.039101 -5.460899
20.136852 61.136852 20.136852 -20.863148
20.234604 52.234604 20.234604 -11.765396
20.332356 27.332356 20.332356 13.332356
20.430108 47.430108 20.430108 -6.569892
20.527859 68.527859 20.527859 -27.472141
20.625611 24.625611 20.625611 16.625611
20.723363 42.723363 20.723363 -1.276637
20.821114 60.321114 20.821114 -18.678886
20.918866 29.418866 20.918866 12.418866
21.016618 56.016618 21.016618 -13.983382
21.114370 43.114370 21.114370 -0.885630
21.212121 62.212121 21.212121 -19.787879
21.309873 49.309873 21.309873 -6.690127
21.407625 60.907625 21.407625 -18.092375
21.505376 35.005376 21.505376 8.005376
21.603128 48.103128 21.603128 -4.896872
21.700880 54.200880 21.700880 -10.799120
21.798631 31.298631 21.798631 12.298631
21.896383 31.896383 21.896383 11.896383
21.994135 29.994135 21.994135 13.994135
22.091887 71.591887 22.091887 -27.408113
22.189638 35.189638 22.189638 9.189638
22.287390 41.287390 22.287390 3.287390
22.385142 46.385142 22.385142 -1.614858
22.482893 37.982893 22.482893 6.982893
22.580645 58.580645 22.580645 -13.419355
22.678397 46.678397 22.678397 -1.321603
22.776149 54.276149 22.776149 -8.723851
22.873900 33.373900 22.873900 12.373900
22.971652 42.971652 22.971652 2.971652
23.069404 32.069404 23.069404 14.069404
23.167155 52.667155 23.167155 -6.332845
23.264907 37.264907 23.264907 9.264907
23.362659 28.362659 23.362659 18.362659
23.460411 36.960411 23.460411 9.960411
23.558162 65.558162 23.558162 -18.441838
23.655914 61.655914 23.655914 -14.344086
23.753666 42.253666 23.753666 5.253666
23.851417 53.851417 23.851417 -6.148583
23.949169 41.449169 23.949169 6.449169
24.046921 46.046921 24.046921 2.046921
24.144673 37.144673 24.144673 11.144673
24.242424 46.242424 24.242424 2.242424
24.340176 26.340176 24.340176 22.340176
24.437928 28.437928 24.437928 20.437928
24.535679 41.535679 24.535679 7.535679
24.633431 35.133431 24.633431 14.133431
24.731183 62.231183 24.731183 -12.768817
24.828935 49.828935 24.828935 -0.171065
24.926686 28.426686 24.926686 21.426686
25.024438 45.024438 25.024438 5.024438
25.122190 38.122190 25.122190 12.122190
25.219941 63.219941 25.219941 -12.780059
25.317693 69.317693 25.317693 -18.682307
25.415445 68.915445 25.415445 -18.084555
25.513196 36.513196 25.513196 14.513196
25.610948 48.110948 25.610948 3.110948
25.708700 27.208700 25.708700 24.208700
25.806452 64.806452 25.806452 -13.193548
25.904203 46.404203 25.904203 5.404203
26.001955 57.501955 26.001955 -5.498045
26.099707 75.099707 26.099707 -22.900293
26.197458 45.197458 26.197458 7.197458
26.295210 61.295210 26.295210 -8.704790
26.392962 49.392962 26.392962 3.392962
26.490714 48.990714 26.490714 3.990714
26.588465 39.088465 26.588465 14.088465
26.686217 35.186217 26.686217 18.186217
26.783969 59.283969 26.783969 -5.716031
26.881720 27.881720 26.881720 25.881720
26.979472 27.979472 26.979472 25.979472
27.077224 48.077224 27.077224 6.077224
27.174976 43.674976 27.174976 10.674976
27.272727 44.772727 27.272727 9.772727
27.370479 39.870479 27.370479 14.870479
27.468231 47.968231 27.468231 6.968231
27.565982 30.065982 27.565982 25.065982
27.663734 75.163734 27.663734 -19.836266
27.761486 29.761486 27.761486 25.761486
27.859238 54.859238 27.859238 0.859238
27.956989 54.456989 27.956989 1.456989
28.054741 32.554741 28.054741 23.554741
28.152493 40.152493 28.152493 16.152493
28.250244 47.750244 28.250244 8.750244
28.347996 49.847996 28.347996 6.847996
28.445748 67.445748 28.445748 -10.554252
28.543500 71.543500 28.543500 -14.456500
28.641251 76.141251 28.641251 -18.858749
28.739003 34.739003 28.739003 22.739003
28.836755 38.336755 28.836755 19.336755
28.934506 34.434506 28.934506 23.434506
29.032258 52.032258 29.032258 6.032258
29.130010 39.630010 29.130010 18.630010
29.227761 43.727761 29.227761 14.727761
29.325513 46.825513 29.325513 11.825513
29.423265 60.423265 29.423265 -1.576735
29.521017 62.521017 29.521017 -3.478983
29.618768 78.618768 29.618768 -19.381232
29.716520 51.216520 29.716520 8.216520
29.814272 71.814272 29.814272 -12.185728
29.912023 39.412023 29.912023 20.412023
30.009775 50.009775 30.009775 10.009775
30.107527 58.607527 30.107527 1.607527
30.205279 78.205279 30.205279 -17.794721
30.303030 32.803030 30.303030 27.803030
30.400782 33.900782 30.400782 26.900782
30.498534 75.998534 30.498534 -15.001466
30.596285 65.596285 30.596285 -4.403715
30.694037 73.694037 30.694037 -12.305963
30.791789 69.791789 30.791789 -8.208211
30.889541 78.889541 30.889541 -17.110459
30.987292 50.487292 30.987292 11.487292
31.085044 52.585044 31.085044 9.585044
31.182796 44.682796 31.182796 17.682796
31.280547 56.280547 31.280547 6.280547
31.378299 31.878299 31.378299 30.878299
31.476051 75.476051 31.476051 -12.523949
31.573803 48.073803 31.573803 15.073803
31.671554 41.671554 31.671554 21.671554
31.769306 46.269306 31.769306 17.269306
31.867058 79.867058 31.867058 -16.132942
31.964809 64.464809 31.964809 -0.535191
32.062561 46.062561 32.062561 18.062561
32.160313 47.660313 32.160313 16.660313
32.258065 54.758065 32.258065 9.758065
32.355816 77.355816 32.355816 -12.644184
32.453568 48.953568 32.453568 15.953568
32.551320 51.551320 32.551320 13.551320
32.649071 71.649071 32.649071 -6.350929
32.746823 65.746823 32.746823 -0.253177
32.844575 33.344575 32.844575 32.344575
32.942326 37.442326 32.942326 28.442326
33.040078 45.540078 33.040078 20.540078
33.137830 46.637830 33.137830 19.637830
33.235582 39.235582 33.235582 27.235582
33.333333 58.333333 33.333333 8.333333
33.431085 57.431085 33.431085 9.431085
33.528837 60.528837 33.528837 6.528837
33.626588 80.626588 33.626588 -13.373412
33.724340 37.224340 33.724340 30.224340
33.822092 38.322092 33.822092 29.322092
33.919844 74.419844 33.919844 -6.580156
34.017595 59.517595 34.017595 8.517595
34.115347 53.615347 34.115347 14.615347
34.213099 40.213099 34.213099 28.213099
34.310850 67.310850 34.310850 1.310850
34.408602 47.908602 34.408602 20.908602
34.506354 61.006354 34.506354 8.006354
34.604106 36.604106 34.604106 32.604106
34.701857 83.201857 34.701857 -13.798143
34.799609 81.799609 34.799609 -12.200391
34.897361 61.397361 34.897361 8.397361
34.995112 66.495112 34.995112 3.495112
35.092864 77.592864 35.092864 -7.407136
35.190616 79.190616 35.190616 -8.809384
35.288368 38.288368 35.288368 32.288368
35.386119 39.386119 35.386119 31.386119
35.483871 45.483871 35.483871 25.483871
35.581623 63.081623 35.581623 8.081623
35.679374 63.179374 35.679374 8.179374
35.777126 49.277126 35.777126 22.277126
35.874878 46.374878 35.874878 25.374878
35.972630 72.972630 35.972630 -1.027370
36.070381 56.570381 36.070381 15.570381
36.168133 62.168133 36.168133 10.168133
36.265885 72.265885 36.265885 0.265885
36.363636 86.363636 36.363636 -13.636364
36.461388 44.461388 36.461388 28.461388
36.559140 60.559140 36.559140 12.559140
36.656891 60.656891 36.656891 12.656891
36.754643 58.254643 36.754643 15.254643
36.852395 61.352395 36.852395 12.352395
36.950147 86.950147 36.950147 -13.049853
37.047898 41.547898 37.047898 32.547898
37.145650 38.145650 37.145650 36.145650
37.243402 86.743402 37.243402 -12.256598
37.341153 85.341153 37.341153 -10.658847
37.438905 76.938905 37.438905 -2.061095
37.536657 41.536657 37.536657 33.536657
37.634409 58.634409 37.634409 16.634409
37.732160 55.732160 37.732160 19.732160
37.829912 87.329912 37.829912 -11.670088
37.927664 84.927664 37.927664 -9.072336
38.025415 39.025415 38.025415 37.025415
38.123167 62.123167 38.123167 14.123167
38.220919 83.220919 38.220919 -6.779081
38.318671 45.818671 38.318671 30.818671
38.416422 50.916422 38.416422 25.916422
38.514174 45.514174 38.514174 31.514174
38.611926 74.111926 38.611926 3.111926
38.709677 55.709677 38.709677 21.709677
38.807429 44.307429 38.807429 33.307429
38.905181 50.405181 38.905181 27.405181
39.002933 82.002933 39.002933 -3.997067
39.100684 78.600684 39.100684 -0.399316
39.198436 48.698436 39.198436 29.698436
39.296188 59.296188 39.296188 19.296188
39.393939 52.393939 39.393939 26.393939
39.491691 69.491691 39.491691 9.491691
39.589443 73.089443 39.589443 6.089443
39.687195 43.687195 39.687195 35.687195
39.784946 59.784946 39.784946 19.784946
39.882698 51.882698 39.882698 27.882698
39.980450 87.480450 39.980450 -7.519550
40.078201 58.078201 40.078201 22.078201
40.175953 55.175953 40.175953 25.175953
40.273705 45.273705 40.273705 35.273705
40.371457 72.871457 40.371457 7.871457
40.469208 65.469208 40.469208 15.469208
40.566960 54.066960 40.566960 27.066960
40.664712 77.664712 40.664712 3.664712
40.762463 88.262463 40.762463 -6.737537
40.860215 89.360215 40.860215 -7.639785
40.957967 82.457967 40.957967 -0.542033
41.055718 50.555718 41.055718 31.555718
41.153470 80.653470 41.153470 1.653470
41.251222 64.251222 41.251222 18.251222
41.348974 47.848974 41.348974 34.848974
41.446725 60.946725 41.446725 21.946725
41.544477 45.044477 41.544477 38.044477
41.642229 87.642229 41.642229 -4.357771
41.739980 90.739980 41.739980 -7.260020
41.837732 76.837732 41.837732 6.837732
41.935484 54.435484 41.935484 29.435484
42.033236 76.033236 42.033236 8.033236
42.130987 46.630987 42.130987 37.630987
42.228739 90.728739 42.228739 -6.271261
42.326491 75.826491 42.326491 8.826491
42.424242 48.424242 42.424242 36.424242
42.521994 47.021994 42.521994 38.021994
42.619746 44.619746 42.619746 40.619746
42.717498 71.717498 42.717498 13.717498
42.815249 84.815249 42.815249 0.815249
42.913001 81.413001 42.913001 4.413001
43.010753 93.010753 43.010753 -6.989247
43.108504 73.608504 43.108504 12.608504
43.206256 61.706256 43.206256 24.706256
43.304008 44.304008 43.304008 42.304008
43.401760 55.401760 43.401760 31.401760
43.499511 77.499511 43.499511 9.499511
43.597263 65.097263 43.597263 22.097263
43.695015 52.195015 43.695015 35.195015
43.792766 71.292766 43.792766 16.292766
43.890518 73.390518 43.890518 14.390518
43.988270 84.988270 43.988270 2.988270
44.086022 68.086022 44.086022 20.086022
44.183773 90.183773 44.183773 -1.816227
44.281525 87.781525 44.281525 0.781525
44.379277 70.879277 44.379277 17.879277
44.477028 70.977028 44.477028 17.977028
44.574780 78.574780 44.574780 10.574780
44.672532 79.172532 44.672532 10.172532
44.770283 54.270283 44.770283 35.270283
44.868035 68.868035 44.868035 20.868035
44.965787 75.965787 44.965787 13.965787
45.063539 91.563539 45.063539 -1.436461
45.161290 53.661290 45.161290 36.661290
45.259042 88.759042 45.259042 1.759042
45.356794 59.356794 45.356794 31.356794
45.454545 74.454545 45.454545 16.454545
45.552297 52.052297 45.552297 39.052297
45.650049 71.650049 45.650049 19.650049
45.747801 50.247801 45.747801 41.247801
45.845552 64.845552 45.845552 26.845552
45.943304 79.943304 45.943304 11.943304
46.041056 47.541056 46.041056 44.541056
46.138807 79.138807 46.138807 13.138807
46.236559 91.236559 46.236559 1.236559
46.334311 69.334311 46.334311 23.334311
46.432063 89.932063 46.432063 2.932063
46.529814 84.529814 46.529814 8.529814
46.627566 69.127566 46.627566 24.127566
46.725318 77.225318 46.725318 16.225318
46.823069 82.323069 46.823069 11.323069
46.920821 58.920821 46.920821 34.920821
47.018573 70.018573 47.018573 24.018573
47.116325 49.616325 47.116325 44.616325
47.214076 78.214076 47.214076 16.214076
47.311828 48.311828 47.311828 46.311828
47.409580 78.909580 47.409580 15.909580
47.507331 57.507331 47.507331 37.507331
47.605083 73.105083 47.605083 22.105083
47.702835 71.702835 47.702835 23.702835
47.800587 83.800587 47.800587 11.800587
47.898338 82.898338 47.898338 12.898338
47.996090 84.496090 47.996090 11.496090
48.093842 70.593842 48.093842 25.593842
48.191593 64.691593 48.191593 31.691593
48.289345 75.789345 48.289345 20.789345
48.387097 91.387097 48.387097 5.387097
48.484848 94.484848 48.484848 2.484848
48.582600 80.082600 48.582600 17.082600
48.680352 74.680352 48.680352 22.680352
48.778104 75.778104 48.778104 21.778104
48.875855 57.375855 48.875855 40.375855
48.973607 55.973607 48.973607 41.973607
49.071359 79.071359 49.071359 19.071359
49.169110 79.669110 49.169110 18.669110
49.266862 81.766862 49.266862 16.766862
49.364614 52.864614 49.364614 45.864614
49.462366 52.962366 49.462366 45.962366
49.560117 80.060117 49.560117 19.060117
49.657869 70.157869 49.657869 29.157869
49.755621 71.755621 49.755621 27.755621
49.853372 53.853372 49.853372 45.853372
49.951124 70.451124 49.951124 29.451124
50.048876 56.048876 50.048876 44.048876
50.146628 100.146628 50.146628 0.146628
50.244379 85.744379 50.244379 14.744379
50.342131 73.842131 50.342131 26.842131
50.439883 56.939883 50.439883 43.939883
50.537634 88.537634 50.537634 12.537634
50.635386 99.135386 50.635386 2.135386
50.733138 94.233138 50.733138 7.233138
50.830890 94.830890 50.830890 6.830890
50.928641 59.928641 50.928641 41.928641
51.026393 65.526393 51.026393 36.526393
51.124145 94.124145 51.124145 8.124145
51.221896 74.721896 51.221896 27.721896
51.319648 101.319648 51.319648 1.319648
51.417400 65.917400 51.417400 36.917400
51.515152 69.515152 51.515152 33.515152
51.612903 89.112903 51.612903 14.112903
51.710655 79.210655 51.710655 24.210655
51.808407 80.808407 51.808407 22.808407
51.906158 55.906158 51.906158 47.906158
52.003910 56.503910 52.003910 47.503910
52.101662 62.101662 52.101662 42.101662
52.199413 97.199413 52.199413 7.199413
52.297165 86.297165 52.297165 18.297165
52.394917 82.894917 52.394917 21.894917
52.492669 55.492669 52.492669 49.492669
52.590420 78.090420 52.590420 27.090420
52.688172 68.188172 52.688172 37.188172
52.785924 65.285924 52.785924 40.285924
52.883675 91.883675 52.883675 13.883675
52.981427 97.981427 52.981427 7.981427
53.079179 56.079179 53.079179 50.079179
53.176931 81.176931 53.176931 25.176931
53.274682 61.274682 53.274682 45.274682
53.372434 102.872434 53.372434 3.872434
53.470186 79.970186 53.470186 26.970186
53.567937 80.567937 53.567937 26.567937
53.665689 89.665689 53.665689 17.665689
53.763441 94.763441 53.763441 12.763441
53.861193 97.861193 53.861193 9.861193
53.958944 85.458944 53.958944 22.458944
54.056696 55.056696 54.056696 53.056696
54.154448 65.654448 54.154448 42.654448
54.252199 57.252199 54.252199 51.252199
54.349951 80.349951 54.349951 28.349951
54.447703 99.447703 54.447703 9.447703
54.545455 83.545455 54.545455 25.545455
54.643206 86.143206 54.643206 23.143206
54.740958 62.240958 54.740958 47.240958
54.838710 92.338710 54.838710 17.338710
54.936461 69.436461 54.936461 40.436461
55.034213 98.534213 55.034213 11.534213
55.131965 95.631965 55.131965 14.631965
55.229717 79.729717 55.229717 30.729717
55.327468 104.327468 55.327468 6.327468
55.425220 81.925220 55.425220 28.925220
55.522972 66.522972 55.522972 44.522972
55.620723 65.620723 55.620723 45.620723
55.718475 56.718475 55.718475 54.718475
55.816227 73.316227 55.816227 38.316227
55.913978 97.913978 55.913978 13.913978
56.011730 70.011730 56.011730 42.011730
56.109482 89.109482 56.109482 23.109482
56.207234 64.707234 56.207234 47.707234
56.304985 71.304985 56.304985 41.304985
56.402737 75.402737 56.402737 37.402737
56.500489 89.000489 56.500489 24.000489
56.598240 85.098240 56.598240 28.098240
56.695992 82.695992 56.695992 30.695992
56.793744 60.293744 56.793744 53.293744
56.891496 95.891496 56.891496 17.891496
56.989247 58.989247 56.989247 54.989247
57.086999 91.586999 57.086999 22.586999
57.184751 102.184751 57.184751 12.184751
57.282502 76.282502 57.282502 38.282502
57.380254 88.880254 57.380254 25.880254
57.478006 92.478006 57.478006 22.478006
57.575758 97.075758 57.575758 18.075758
57.673509 89.673509 57.673509 25.673509
57.771261 92.771261 57.771261 22.771261
57.869013 98.369013 57.869013 17.369013
57.966764 76.966764 57.966764 38.966764
58.064516 60.564516 58.064516 55.564516
58.162268 63.662268 58.162268 52.662268
58.260020 85.760020 58.260020 30.760020
58.357771 100.857771 58.357771 15.857771
58.455523 85.455523 58.455523 31.455523
58.553275 104.053275 58.553275 13.053275
58.651026 63.151026 58.651026 54.151026
58.748778 102.248778 58.748778 15.248778
58.846530 101.846530 58.846530 15.846530
58.944282 103.444282 58.944282 14.444282
59.042033 63.042033 59.042033 55.042033
59.139785 76.639785 59.139785 41.639785
59.237537 70.737537 59.237537 47.737537
59.335288 101.835288 59.335288 16.835288
59.433040 66.433040 59.433040 52.433040
59.530792 104.030792 59.530792 15.030792
59.628543 69.628543 59.628543 49.628543
59.726295 102.226295 59.726295 17.226295
59.824047 70.324047 59.824047 49.324047
59.921799 93.921799 59.921799 25.921799
60.019550 71.019550 60.019550 49.019550
60.117302 63.617302 60.117302 56.617302
60.215054 81.715054 60.215054 38.715054
60.312805 75.812805 60.312805 44.812805
60.410557 89.910557 60.410557 30.910557
60.508309 73.008309 60.508309 48.008309
60.606061 98.106061 60.606061 23.106061
60.703812 72.203812 60.703812 49.203812
60.801564 61.301564 60.801564 60.301564
60.899316 61.399316 60.899316 60.399316
60.997067 107.497067 60.997067 14.497067
61.094819 63.094819 61.094819 59.094819
61.192571 88.192571 61.192571 34.192571
61.290323 71.290323 61.290323 51.290323
61.388074 69.888074 61.388074 52.888074
61.485826 96.485826 61.485826 26.485826
61.583578 95.083578 61.583578 28.083578
61.681329 101.181329 61.681329 22.181329
61.779081 88.279081 61.779081 35.279081
61.876833 101.876833 61.876833 21.876833
61.974585 90.974585 61.974585 32.974585
62.072336 88.072336 62.072336 36.072336
62.170088 81.670088 62.170088 42.670088
62.267840 91.767840 62.267840 32.767840
62.365591 87.365591 62.365591 37.365591
62.463343 90.463343 62.463343 34.463343
62.561095 105.561095 62.561095 19.561095
62.658847 97.658847 62.658847 27.658847
62.756598 65.256598 62.756598 60.256598
62.854350 108.354350 62.854350 17.354350
62.952102 75.952102 62.952102 49.952102
63.049853 91.049853 63.049853 35.049853
63.147605 94.147605 63.147605 32.147605
63.245357 104.745357 63.245357 21.745357
63.343109 90.843109 63.343109 35.843109
63.440860 64.940860 63.440860 61.940860
63.538612 105.538612 63.538612 21.538612
63.636364 112.136364 63.636364 15.136364
63.734115 105.734115 63.734115 21.734115
63.831867 84.331867 63.831867 43.331867
63.929619 89.429619 63.929619 38.429619
64.027370 97.027370 64.027370 31.027370
64.125122 99.125122 64.125122 29.125122
64.222874 103.222874 64.222874 25.222874
64.320626 108.320626 64.320626 20.320626
64.418377 76.418377 64.418377 52.418377
64.516129 105.016129 64.516129 24.016129
64.613881 102.613881 64.613881 26.613881
64.711632 114.211632 64.711632 15.211632
64.809384 70.809384 64.809384 58.809384
64.907136 100.907136 64.907136 28.907136
65.004888 98.504888 65.004888 31.504888
65.102639 74.102639 65.102639 56.102639
65.200391 83.200391 65.200391 47.200391
65.298143 84.798143 65.298143 45.798143
65.395894 94.895894 65.395894 35.895894
65.493646 75.493646 65.493646 55.493646
65.591398 74.591398 65.591398 56.591398
65.689150 111.689150 65.689150 19.689150
65.786901 83.786901 65.786901 47.786901
65.884653 69.384653 65.884653 62.384653
65.982405 75.982405 65.982405 55.982405
66.080156 91.580156 66.080156 40.580156
66.177908 86.177908 66.177908 46.177908
66.275660 111.775660 66.275660 20.775660
66.373412 78.873412 66.373412 53.873412
66.471163 78.471163 66.471163 54.471163
66.568915 67.568915 66.568915 65.568915
66.666667 89.666667 66.666667 43.666667
66.764418 101.764418 66.764418 31.764418
66.862170 102.362170 66.862170 31.362170
66.959922 89.959922 66.959922 43.959922
67.057674 72.057674 67.057674 62.057674
67.155425 99.655425 67.155425 34.655425
67.253177 98.753177 67.253177 35.753177
67.350929 74.850929 67.350929 59.850929
67.448680 77.948680 67.448680 56.948680
67.546432 101.046432 67.546432 34.046432
67.644184 84.144184 67.644184 51.144184
67.741935 82.241935 67.741935 53.241935
67.839687 88.839687 67.839687 46.839687
67.937439 110.937439 67.937439 24.937439
68.035191 83.535191 68.035191 52.535191
68.132942 106.132942 68.132942 30.132942
68.230694 95.730694 68.230694 40.730694
68.328446 107.328446 68.328446 29.328446
68.426197 107.926197 68.426197 28.926197
68.523949 116.023949 68.523949 21.023949
68.621701 74.621701 68.621701 62.621701
68.719453 112.219453 68.719453 25.219453
68.817204 111.317204 68.817204 26.317204
68.914956 83.914956 68.914956 53.914956
69.012708 81.012708 69.012708 57.012708
69.110459 93.110459 69.110459 45.110459
69.208211 79.208211 69.208211 59.208211
69.305963 115.305963 69.305963 23.305963
69.403715 85.403715 69.403715 53.403715
69.501466 75.001466 69.501466 64.001466
69.599218 91.599218 69.599218 47.599218
69.696970 96.696970 69.696970 42.696970
69.794721 72.294721 69.794721 67.294721
69.892473 97.892473 69.892473 41.892473
69.990225 99.990225 69.990225 39.990225
70.087977 84.087977 70.087977 56.087977
70.185728 91.185728 70.185728 49.185728
70.283480 95.283480 70.283480 45.283480
70.381232 101.381232 70.381232 39.381232
70.478983 112.478983 70.478983 28.478983
70.576735 115.576735 70.576735 25.576735
70.674487 95.174487 70.674487 46.174487
70.772239 83.772239 70.772239 57.772239
70.869990 78.869990 70.869990 62.869990
70.967742 102.467742 70.967742 39.467742
71.065494 114.065494 71.065494 28.065494
71.163245 116.163245 71.163245 26.163245
71.260997 79.260997 71.260997 63.260997
71.358749 101.358749 71.358749 41.358749
71.456500 113.456500 71.456500 29.456500
71.554252 112.554252 71.554252 30.554252
71.652004 111.652004 71.652004 31.652004
71.749756 115.749756 71.749756 27.749756
71.847507 92.347507 71.847507 51.347507
71.945259 113.945259 71.945259 29.945259
72.043011 103.543011 72.043011 40.543011
72.140762 82.640762 72.140762 61.640762
72.238514 91.238514 72.238514 53.238514
72.336266 107.836266 72.336266 36.836266
72.434018 73.934018 72.434018 70.934018
72.531769 87.031769 72.531769 58.031769
72.629521 104.129521 72.629521 41.129521
72.727273 78.227273 72.727273 67.227273
72.825024 91.325024 72.825024 54.325024
72.922776 98.422776 72.922776 47.422776
73.020528 89.520528 73.020528 56.520528
73.118280 118.118280 73.118280 28.118280
73.216031 108.716031 73.216031 37.716031
73.313783 79.813783 73.313783 66.813783
73.411535 123.411535 73.411535 23.411535
73.509286 121.009286 73.509286 26.009286
73.607038 113.107038 73.607038 34.107038
73.704790 105.204790 73.704790 42.204790
73.802542 121.802542 73.802542 25.802542
73.900293 79.900293 73.900293 67.900293
73.998045 117.998045 73.998045 29.998045
74.095797 112.595797 74.095797 35.595797
74.193548 108.693548 74.193548 39.693548
74.291300 110.291300 74.291300 38.291300
74.389052 104.889052 74.389052 43.889052
74.486804 81.486804 74.486804 67.486804
74.584555 103.084555 74.584555 46.084555
74.682307 92.182307 74.682307 57.182307
74.780059 108.780059 74.780059 40.780059
74.877810 91.877810 74.877810 57.877810
74.975562 91.475562 74.975562 58.475562
75.073314 86.073314 75.073314 64.073314
75.171065 94.171065 75.171065 56.171065
75.268817 97.768817 75.268817 52.768817
75.366569 98.866569 75.366569 51.866569
75.464321 88.964321 75.464321 61.964321
75.562072 120.562072 75.562072 30.562072
75.659824 78.659824 75.659824 72.659824
75.757576 98.257576 75.757576 53.257576
75.855327 120.855327 75.855327 30.855327
75.953079 121.953079 75.953079 29.953079
76.050831 84.050831 76.050831 68.050831
76.148583 105.648583 76.148583 46.648583
76.246334 98.746334 76.246334 53.746334
76.344086 125.344086 76.344086 27.344086
76.441838 115.441838 76.441838 37.441838
76.539589 124.539589 76.539589 28.539589
76.637341 88.637341 76.637341 64.637341
76.735093 80.235093 76.735093 73.235093
76.832845 88.332845 76.832845 65.332845
76.930596 116.430596 76.930596 37.430596
77.028348 125.528348 77.028348 28.528348
77.126100 88.626100 77.126100 65.626100
77.223851 121.723851 77.223851 32.723851
77.321603 124.821603 77.321603 29.821603
77.419355 86.919355 77.419355 67.919355
77.517107 109.017107 77.517107 46.017107
77.614858 121.114858 77.614858 34.114858
77.712610 93.212610 77.712610 62.212610
77.810362 86.810362 77.810362 68.810362
77.908113 114.408113 77.908113 41.408113
78.005865 107.505865 78.005865 48.505865
78.103617 101.103617 78.103617 55.103617
78.201369 101.201369 78.201369 55.201369
78.299120 84.299120 78.299120 72.299120
78.396872 78.896872 78.396872 77.896872
78.494624 123.994624 78.494624 32.994624
78.592375 86.592375 78.592375 70.592375
78.690127 121.190127 78.690127 36.190127
78.787879 102.787879 78.787879 54.787879
78.885630 94.885630 78.885630 62.885630
78.983382 85.483382 78.983382 72.483382
79.081134 113.081134 79.081134 45.081134
79.178886 125.178886 79.178886 33.178886
79.276637 96.776637 79.276637 61.776637
79.374389 89.874389 79.374389 68.874389
79.472141 108.472141 79.472141 50.472141
79.569892 107.069892 79.569892 52.069892
79.667644 98.667644 79.667644 60.667644
79.765396 84.265396 79.765396 75.265396
79.863148 100.863148 79.863148 58.863148
79.960899 112.460899 79.960899 47.460899
80.058651 86.558651 80.058651 73.558651
80.156403 114.656403 80.156403 45.656403
80.254154 122.254154 80.254154 38.254154
80.351906 123.351906 80.351906 37.351906
80.449658 110.949658 80.449658 49.949658
80.547410 121.047410 80.547410 40.047410
80.645161 117.145161 80.645161 44.145161
80.742913 116.242913 80.742913 45.242913
80.840665 127.840665 80.840665 33.840665
80.938416 90.438416 80.938416 71.438416
81.036168 126.536168 81.036168 35.536168
81.133920 127.633920 81.133920 34.633920
81.231672 117.731672 81.231672 44.731672
81.329423 100.329423 81.329423 62.329423
81.427175 116.927175 81.427175 45.927175
81.524927 91.024927 81.524927 72.024927
81.622678 129.122678 81.622678 34.122678
81.720430 93.220430 81.720430 70.220430
81.818182 112.318182 81.818182 51.318182
81.915934 83.415934 81.915934 80.415934
82.013685 121.513685 82.013685 42.513685
82.111437 97.111437 82.111437 67.111437
82.209189 100.209189 82.209189 64.209189
82.306940 90.306940 82.306940 74.306940
82.404692 104.904692 82.404692 59.904692
82.502444 125.002444 82.502444 40.002444
82.600196 128.100196 82.600196 37.100196
82.697947 104.197947 82.697947 61.197947
82.795699 96.795699 82.795699 68.795699
82.893451 118.393451 82.893451 47.393451
82.991202 116.991202 82.991202 48.991202
83.088954 122.088954 83.088954 44.088954
83.186706 103.186706 83.186706 63.186706
83.284457 84.784457 83.284457 81.784457
83.382209 131.382209 83.382209 35.382209
83.479961 107.479961 83.479961 59.479961
83.577713 128.077713 83.577713 39.077713
83.675464 127.175464 83.675464 40.175464
83.773216 127.273216 83.773216 40.273216
83.870968 102.870968 83.870968 64.870968
83.968719 102.968719 83.968719 64.968719
84.066471 115.066471 84.066471 53.066471
84.164223 117.664223 84.164223 50.664223
84.261975 99.261975 84.261975 69.261975
84.359726 89.859726 84.359726 78.859726
84.457478 85.957478 84.457478 82.957478
84.555230 92.055230 84.555230 77.055230
84.652981 101.652981 84.652981 67.652981
84.750733 86.750733 84.750733 82.750733
84.848485 121.848485 84.848485 47.848485
84.946237 107.446237 84.946237 62.446237
85.043988 105.543988 85.043988 64.543988
85.141740 90.141740 85.141740 80.141740
85.239492 126.739492 85.239492 43.739492
85.337243 131.837243 85.337243 38.837243
85.434995 126.934995 85.434995 43.934995
85.532747 91.532747 85.532747 79.532747
85.630499 94.630499 85.630499 76.630499
85.728250 125.728250 85.728250 45.728250
85.826002 104.826002 85.826002 66.826002
85.923754 130.923754 85.923754 40.923754
86.021505 117.521505 86.021505 54.521505
86.119257 98.619257 86.119257 73.619257
86.217009 127.217009 86.217009 45.217009
86.314761 113.814761 86.314761 58.814761
86.412512 96.912512 86.412512 75.912512
86.510264 130.010264 86.510264 43.010264
86.608016 98.108016 86.608016 75.108016
86.705767 117.205767 86.705767 56.205767
86.803519 99.303519 86.803519 74.303519
86.901271 132.401271 86.901271 41.401271
86.999022 118.999022 86.999022 54.999022
87.096774 94.596774 87.096774 79.596774
87.194526 99.194526 87.194526 75.194526
87.292278 126.792278 87.292278 47.792278
87.390029 131.390029 87.390029 43.390029
87.487781 115.487781 87.487781 59.487781
87.585533 132.585533 87.585533 42.585533
87.683284 135.183284 87.683284 40.183284
87.781036 102.781036 87.781036 72.781036
87.878788 112.878788 87.878788 62.878788
87.976540 107.976540 87.976540 67.976540
88.074291 135.574291 88.074291 40.574291
88.172043 135.172043 88.172043 41.172043
88.269795 125.269795 88.269795 51.269795
88.367546 106.367546 88.367546 70.367546
88.465298 105.465298 88.465298 71.465298
88.563050 128.063050 88.563050 49.063050
88.660802 128.660802 88.660802 48.660802
88.758553 106.758553 88.758553 70.758553
88.856305 105.856305 88.856305 71.856305
88.954057 109.454057 88.954057 68.454057
89.051808 117.051808 89.051808 61.051808
89.149560 124.649560 89.149560 53.649560
89.247312 130.747312 89.247312 47.747312
89.345064 112.845064 89.345064 65.845064
89.442815 98.942815 89.442815 79.942815
89.540567 138.540567 89.540567 40.540567
89.638319 102.638319 89.638319 76.638319
89.736070 113.236070 89.736070 66.236070
89.833822 91.833822 89.833822 87.833822
89.931574 96.931574 89.931574 82.931574
90.029326 94.529326 90.029326 85.529326
90.127077 129.627077 90.127077 50.627077
90.224829 99.724829 90.224829 80.724829
90.322581 106.822581 90.322581 73.822581
90.420332 105.420332 90.420332 75.420332
90.518084 96.018084 90.518084 85.018084
90.615836 138.115836 90.615836 43.115836
90.713587 101.213587 90.713587 80.213587
90.811339 112.811339 90.811339 68.811339
90.909091 93.909091 90.909091 87.909091
91.006843 125.006843 91.006843 57.006843
91.104594 97.104594 91.104594 85.104594
91.202346 113.202346 91.202346 69.202346
91.300098 133.300098 91.300098 49.300098
91.397849 96.397849 91.397849 86.397849
91.495601 130.995601 91.495601 51.995601
91.593353 112.093353 91.593353 71.093353
91.691105 124.191105 91.691105 59.191105
91.788856 122.788856 91.788856 60.788856
91.886608 92.886608 91.886608 90.886608
91.984360 121.484360 91.984360 62.484360
92.082111 113.582111 92.082111 70.582111
92.179863 94.179863 92.179863 90.179863
92.277615 125.277615 92.277615 59.277615
92.375367 131.375367 92.375367 53.375367
92.473118 101.473118 92.473118 83.473118
92.570870 139.070870 92.570870 46.070870
92.668622 109.168622 92.668622 76.168622
92.766373 107.266373 92.766373 78.266373
92.864125 128.364125 92.864125 57.364125
92.961877 139.961877 92.961877 45.961877
93.059629 135.059629 93.059629 51.059629
93.157380 116.157380 93.157380 70.157380
93.255132 113.755132 93.255132 72.755132
93.352884 142.852884 93.352884 43.852884
93.450635 107.450635 93.450635 79.450635
93.548387 108.548387 93.548387 78.548387
93.646139 115.646139 93.646139 71.646139
93.743891 115.743891 93.743891 71.743891
93.841642 117.841642 93.841642 69.841642
93.939394 103.439394 93.939394 84.439394
94.037146 119.037146 94.037146 69.037146
94.134897 138.134897 94.134897 50.134897
94.232649 103.732649 94.232649 84.732649
94.330401 94.830401 94.330401 93.830401
94.428152 105.428152 94.428152 83.428152
94.525904 122.025904 94.525904 67.025904
94.623656 121.123656 94.623656 68.123656
94.721408 132.721408 94.721408 56.721408
94.819159 127.319159 94.819159 62.319159
94.916911 129.416911 94.916911 60.416911
95.014663 131.014663 95.014663 59.014663
95.112414 119.112414 95.112414 71.112414
95.210166 109.710166 95.210166 80.710166
95.307918 101.307918 95.307918 89.307918
95.405670 122.405670 95.405670 68.405670
95.503421 123.003421 95.503421 68.003421
95.601173 137.101173 95.601173 54.101173
95.698925 130.698925 95.698925 60.698925
95.796676 131.296676 95.796676 60.296676
95.894428 105.394428 95.894428 86.394428
95.992180 112.492180 95.992180 79.492180
96.089932 104.589932 96.089932 87.589932
96.187683 133.687683 96.187683 58.687683
96.285435 124.785435 96.285435 67.785435
96.383187 133.883187 96.383187 58.883187
96.480938 110.980938 96.480938 81.980938
96.578690 101.578690 96.578690 91.578690
96.676442 126.176442 96.676442 67.176442
96.774194 101.274194 96.774194 92.274194
96.871945 135.871945 96.871945 57.871945
96.969697 132.969697 96.969697 60.969697
97.067449 98.567449 97.067449 95.567449
97.165200 107.665200 97.165200 86.665200
97.262952 131.262952 97.262952 63.262952
97.360704 120.360704 97.360704 74.360704
97.458456 122.458456 97.458456 72.458456
97.556207 115.556207 97.556207 79.556207
97.653959 128.653959 97.653959 66.653959
97.751711 120.751711 97.751711 74.751711
97.849462 112.849462 97.849462 82.849462
97.947214 139.947214 97.947214 55.947214
98.044966 115.544966 98.044966 80.544966
98.142717 147.142717 98.142717 49.142717
98.240469 118.740469 98.240469 77.740469
98.338221 124.838221 98.338221 71.838221
98.435973 124.435973 98.435973 72.435973
98.533724 127.533724 98.533724 69.533724
98.631476 143.631476 98.631476 53.631476
98.729228 117.729228 98.729228 79.729228
98.826979 147.326979 98.826979 50.326979
98.924731 116.924731 98.924731 80.924731
99.022483 108.522483 99.022483 89.522483
99.120235 127.620235 99.120235 70.620235
99.217986 134.217986 99.217986 64.217986
99.315738 125.315738 99.315738 73.315738
99.413490 134.913490 99.413490 63.913490
99.511241 145.011241 99.511241 54.011241
99.608993 143.608993 99.608993 55.608993
99.706745 113.206745 99.706745 86.206745
99.804497 146.304497 99.804497 53.304497
99.902248 109.402248 99.902248 90.402248
100.000000 112.000000 100.000000 88.000000