0.000000 6.000000 0.000000 -6.000000
0.195695 17.695695 0.195695 -17.304305
0.391389 24.391389 0.391389 -23.608611
0.587084 4.587084 0.587084 -3.412916
0.782779 35.282779 0.782779 -33.717221
0.978474 27.478474 0.978474 -25.521526
1.174168 27.174168 1.174168 -24.825832
1.369863 48.869863 1.369863 -46.130137
1.565558 8.565558 1.565558 -5.434442
1.761252 34.761252 1.761252 -31.238748
1.956947 44.456947 1.956947 -40.543053
2.152642 19.652642 2.152642 -15.347358
2.348337 5.848337 2.348337 -1.151663
2.544031 3.544031 2.544031 1.544031
2.739726 3.239726 2.739726 2.239726
2.935421 17.935421 2.935421 -12.064579
3.131115 14.131115 3.131115 -7.868885
3.326810 18.826810 3.326810 -12.173190
3.522505 33.522505 3.522505 -26.477495
3.718200 32.218200 3.718200 -24.781800
3.913894 14.913894 3.913894 -7.086106
4.109589 24.109589 4.109589 -15.890411
4.305284 21.305284 4.305284 -12.694716
4.500978 42.000978 4.500978 -32.999022
4.696673 23.196673 4.696673 -13.803327
4.892368 26.392368 4.892368 -16.607632
5.088063 34.088063 5.088063 -23.911937
5.283757 34.783757 5.283757 -24.216243
5.479452 6.979452 5.479452 3.979452
5.675147 10.675147 5.675147 0.675147
5.870841 31.370841 5.870841 -19.629159
6.066536 52.066536 6.066536 -39.933464
6.262231 18.762231 6.262231 -6.237769
6.457926 39.457926 6.457926 -26.542074
6.653620 10.153620 6.653620 3.153620
6.849315 7.849315 6.849315 5.849315
7.045010 33.545010 7.045010 -19.454990
7.240705 40.240705 7.240705 -25.759295
7.436399 27.436399 7.436399 -12.563601
7.632094 27.132094 7.632094 -11.867906
7.827789 26.327789 7.827789 -10.672211
8.023483 46.023483 8.023483 -29.976517
8.219178 39.219178 8.219178 -22.780822
8.414873 20.414873 8.414873 -3.585127
8.610568 55.110568 8.610568 -37.889432
8.806262 28.306262 8.806262 -10.693738
9.001957 28.001957 9.001957 -9.998043
9.197652 25.697652 9.197652 -7.302348
9.393346 54.893346 9.393346 -36.106654
9.589041 33.089041 9.589041 -13.910959
9.784736 35.284736 9.784736 -15.715264
9.980431 49.980431 9.980431 -30.019569
10.176125 17.176125 10.176125 3.176125
10.371820 20.871820 10.371820 -0.128180
10.567515 20.567515 10.567515 0.567515
10.763209 11.263209 10.763209 10.263209
10.958904 53.958904 10.958904 -32.041096
11.154599 12.154599 11.154599 10.154599
11.350294 11.850294 11.350294 10.850294
11.545988 54.045988 11.545988 -30.954012
11.741683 50.741683 11.741683 -27.258317
11.937378 54.937378 11.937378 -31.062622
12.133072 59.133072 12.133072 -34.866928
12.328767 13.328767 12.328767 11.328767
12.524462 22.024462 12.524462 3.024462
12.720157 47.720157 12.720157 -22.279843
12.915851 61.915851 12.915851 -36.084149
13.111546 42.111546 13.111546 -15.888454
13.307241 41.807241 13.307241 -15.192759
13.502935 61.002935 13.502935 -33.997065
13.698630 48.198630 13.698630 -20.801370
13.894325 30.894325 13.894325 -3.105675
14.090020 31.590020 14.090020 -3.409980
14.285714 61.285714 14.285714 -32.714286
14.481409 29.981409 14.481409 -1.018591
14.677104 16.677104 14.677104 12.677104
14.872798 43.372798 14.872798 -13.627202
15.068493 48.068493 15.068493 -17.931507
15.264188 52.264188 15.264188 -21.735812
15.459883 63.459883 15.459883 -32.540117
15.655577 31.155577 15.655577 0.155577
15.851272 53.851272 15.851272 -22.148728
16.046967 30.546967 16.046967 1.546967
16.242661 61.742661 16.242661 -29.257339
16.438356 50.438356 16.438356 -17.561644
16.634051 31.634051 16.634051 1.634051
16.829746 33.329746 16.829746 0.329746
17.025440 53.025440 17.025440 -18.974560
17.221135 26.721135 17.221135 7.721135
17.416830 39.916830 17.416830 -5.083170
17.612524 36.112524 17.612524 -0.887476
17.808219 28.808219 17.808219 6.808219
18.003914 45.003914 18.003914 -8.996086
18.199609 60.199609 18.199609 -23.800391
18.395303 42.395303 18.395303 -5.604697
18.590998 50.590998 18.590998 -13.409002
18.786693 28.786693 18.786693 8.786693
18.982387 68.982387 18.982387 -31.017613
19.178082 19.678082 19.178082 18.678082
19.373777 50.373777 19.373777 -11.626223
19.569472 61.069472 19.569472 -21.930528
19.765166 40.765166 19.765166 -1.234834
19.960861 64.960861 19.960861 -25.039139
20.156556 46.156556 20.156556 -5.843444
20.352250 68.852250 20.352250 -28.147750
20.547945 51.047945 20.547945 -9.952055
20.743640 54.243640 20.743640 -12.756360
20.939335 67.439335 20.939335 -25.560665
21.135029 43.635029 21.135029 -1.364971
21.330724 53.330724 21.330724 -10.669276
21.526419 32.526419 21.526419 10.526419
21.722114 50.222114 21.722114 -6.777886
21.917808 27.417808 21.917808 16.417808
22.113503 37.113503 22.113503 7.113503
22.309198 49.809198 22.309198 -5.190802
22.504892 32.004892 22.504892 13.004892
22.700587 36.700587 22.700587 8.700587
22.896282 34.896282 22.896282 10.896282
23.091977 50.591977 23.091977 -4.408023
23.287671 51.287671 23.287671 -4.712329
23.483366 54.983366 23.483366 -8.016634
23.679061 24.179061 23.679061 23.179061
23.874755 33.374755 23.874755 14.374755
24.070450 48.070450 24.070450 0.070450
24.266145 25.266145 24.266145 23.266145
24.461840 48.461840 24.461840 0.461840
24.657534 28.657534 24.657534 20.657534
24.853229 37.853229 24.853229 11.853229
25.048924 54.548924 25.048924 -4.451076
25.244618 33.244618 25.244618 17.244618
25.440313 46.440313 25.440313 4.440313
25.636008 70.636008 25.636008 -19.363992
25.831703 68.831703 25.831703 -17.168297
26.027397 53.527397 26.027397 -1.472603
26.223092 49.723092 26.223092 2.723092
26.418787 33.918787 26.418787 18.918787
26.614481 51.114481 26.614481 2.114481
26.810176 55.310176 26.810176 -1.689824
27.005871 44.505871 27.005871 9.505871
27.201566 48.201566 27.201566 6.201566
27.397260 36.397260 27.397260 18.397260
27.592955 69.592955 27.592955 -14.407045
27.788650 61.788650 27.788650 -6.211350
27.984344 37.484344 27.984344 18.484344
28.180039 59.180039 28.180039 -2.819961
28.375734 63.875734 28.375734 -7.124266
28.571429 30.071429 28.571429 27.071429
28.767123 55.267123 28.767123 2.267123
28.962818 41.962818 28.962818 15.962818
29.158513 54.658513 29.158513 3.658513
29.354207 78.354207 29.354207 -19.645793
29.549902 70.549902 29.549902 -11.450098
29.745597 72.745597 29.745597 -13.254403
29.941292 74.941292 29.941292 -15.058708
30.136986 45.136986 30.136986 15.136986
30.332681 74.832681 30.332681 -14.167319
30.528376 43.528376 30.528376 17.528376
30.724070 40.724070 30.724070 20.724070
30.919765 40.419765 30.919765 21.419765
31.115460 74.615460 31.115460 -12.384540
31.311155 53.811155 31.311155 8.811155
31.506849 51.006849 31.506849 12.006849
31.702544 73.702544 31.702544 -10.297456
31.898239 42.398239 31.898239 21.398239
32.093933 77.093933 32.093933 -12.906067
32.289628 55.289628 32.289628 9.289628
32.485323 40.985323 32.485323 23.985323
32.681018 46.181018 32.681018 19.181018
32.876712 59.376712 32.876712 6.376712
33.072407 72.072407 33.072407 -5.927593
33.268102 52.768102 33.268102 13.768102
33.463796 35.963796 33.463796 30.963796
33.659491 83.159491 33.659491 -15.840509
33.855186 60.355186 33.855186 7.355186
34.050881 76.550881 34.050881 -8.449119
34.246575 79.246575 34.246575 -10.753425
34.442270 68.942270 34.442270 -0.057730
34.637965 60.637965 34.637965 8.637965
34.833659 57.333659 34.833659 12.333659
35.029354 54.529354 35.029354 15.529354
35.225049 37.225049 35.225049 33.225049
35.420744 46.420744 35.420744 24.420744
35.616438 40.116438 35.616438 31.116438
35.812133 75.812133 35.812133 -4.187867
36.007828 56.507828 36.007828 15.507828
36.203523 38.703523 36.203523 33.703523
36.399217 52.399217 36.399217 20.399217
36.594912 80.594912 36.594912 -7.405088
36.790607 83.790607 36.790607 -10.209393
36.986301 58.486301 36.986301 15.486301
37.181996 80.681996 37.181996 -6.318004
37.377691 61.877691 37.377691 12.877691
37.573386 83.073386 37.573386 -7.926614
37.769080 50.769080 37.769080 24.769080
37.964775 64.464775 37.964775 11.464775
38.160470 50.660470 38.160470 25.660470
38.356164 80.356164 38.356164 -3.643836
38.551859 65.051859 38.551859 12.051859
38.747554 56.247554 38.747554 21.247554
38.943249 51.943249 38.943249 25.943249
39.138943 47.638943 39.138943 30.638943
39.334638 69.334638 39.334638 9.334638
39.530333 80.530333 39.530333 -1.469667
39.726027 82.226027 39.726027 -2.773973
39.921722 82.421722 39.921722 -2.578278
40.117417 52.117417 40.117417 28.117417
40.313112 65.813112 40.313112 14.813112
40.508806 74.008806 40.508806 7.008806
40.704501 45.704501 40.704501 35.704501
40.900196 68.400196 40.900196 13.400196
41.095890 56.095890 41.095890 26.095890
41.291585 60.791585 41.291585 21.791585
41.487280 68.487280 41.487280 14.487280
41.682975 63.182975 41.682975 20.182975
41.878669 53.878669 41.878669 29.878669
42.074364 43.574364 42.074364 40.574364
42.270059 43.770059 42.270059 40.770059
42.465753 56.465753 42.465753 28.465753
42.661448 77.661448 42.661448 7.661448
42.857143 59.357143 42.857143 26.357143
43.052838 81.052838 43.052838 5.052838
43.248532 83.248532 43.248532 3.248532
43.444227 46.444227 43.444227 40.444227
43.639922 44.139922 43.639922 43.139922
43.835616 80.335616 43.835616 7.335616
44.031311 77.531311 44.031311 10.531311
44.227006 73.727006 44.227006 14.727006
44.422701 90.422701 44.422701 -1.577299
44.618395 53.118395 44.618395 36.118395
44.814090 93.814090 44.814090 -4.185910
45.009785 56.009785 45.009785 34.009785
45.205479 47.205479 45.205479 43.205479
45.401174 56.901174 45.401174 33.901174
45.596869 81.096869 45.596869 10.096869
45.792564 63.792564 45.792564 27.792564
45.988258 81.488258 45.988258 10.488258
46.183953 75.683953 46.183953 16.683953
46.379648 51.879648 46.379648 40.879648
46.575342 79.075342 46.575342 14.075342
46.771037 83.771037 46.771037 9.771037
46.966732 90.466732 46.966732 3.466732
47.162427 48.662427 47.162427 45.662427
47.358121 55.358121 47.358121 39.358121
47.553816 74.053816 47.553816 21.053816
47.749511 59.249511 47.749511 36.249511
47.945205 90.445205 47.945205 5.445205
48.140900 70.140900 48.140900 26.140900
48.336595 63.336595 48.336595 33.336595
48.532290 77.532290 48.532290 19.532290
48.727984 66.227984 48.727984 31.227984
48.923679 91.923679 48.923679 5.923679
49.119374 63.619374 49.119374 34.619374
49.315068 71.815068 49.315068 26.815068
49.510763 88.010763 49.510763 11.010763
49.706458 69.206458 49.706458 30.206458
49.902153 61.902153 49.902153 37.902153
50.097847 70.097847 50.097847 30.097847
50.293542 60.293542 50.293542 40.293542
50.489237 72.989237 50.489237 27.989237
50.684932 81.684932 50.684932 19.684932
50.880626 62.880626 50.880626 38.880626
51.076321 95.076321 51.076321 7.076321
51.272016 88.272016 51.272016 14.272016
51.467710 67.467710 51.467710 35.467710
51.663405 92.663405 51.663405 10.663405
51.859100 74.859100 51.859100 28.859100
52.054795 86.054795 52.054795 18.054795
52.250489 66.750489 52.250489 37.750489
52.446184 89.446184 52.446184 15.446184
52.641879 89.641879 52.641879 15.641879
52.837573 88.337573 52.837573 17.337573
53.033268 63.533268 53.033268 42.533268
53.228963 62.228963 53.228963 44.228963
53.424658 80.424658 53.424658 26.424658
53.620352 89.120352 53.620352 18.120352
53.816047 54.316047 53.816047 53.316047
54.011742 64.011742 54.011742 44.011742
54.207436 91.207436 54.207436 17.207436
54.403131 104.403131 54.403131 4.403131
54.598826 64.598826 54.598826 44.598826
54.794521 66.794521 54.794521 42.794521
54.990215 71.990215 54.990215 37.990215
55.185910 62.185910 55.185910 48.185910
55.381605 72.381605 55.381605 38.381605
55.577299 84.077299 55.577299 27.077299
55.772994 79.272994 55.772994 32.272994
55.968689 100.968689 55.968689 10.968689
56.164384 62.164384 56.164384 50.164384
56.360078 61.860078 56.360078 50.860078
56.555773 76.555773 56.555773 36.555773
56.751468 91.751468 56.751468 21.751468
56.947162 101.447162 56.947162 12.447162
57.142857 59.642857 57.142857 54.642857
57.338552 72.338552 57.338552 42.338552
57.534247 105.534247 57.534247 9.534247
57.729941 96.229941 57.729941 19.229941
57.925636 60.925636 57.925636 54.925636
58.121331 59.621331 58.121331 56.621331
58.317025 104.817025 58.317025 11.817025
58.512720 77.512720 58.512720 39.512720
58.708415 59.708415 58.708415 57.708415
58.904110 84.404110 58.904110 33.404110
59.099804 106.599804 59.099804 11.599804
59.295499 106.295499 59.295499 12.295499
59.491194 62.491194 59.491194 56.491194
59.686888 105.686888 59.686888 13.686888
59.882583 85.382583 59.882583 34.382583
60.078278 70.078278 60.078278 50.078278
60.273973 91.273973 60.273973 29.273973
60.469667 104.469667 60.469667 16.469667
60.665362 81.665362 60.665362 39.665362
60.861057 107.861057 60.861057 13.861057
61.056751 88.056751 61.056751 34.056751
61.252446 103.752446 61.252446 18.752446
61.448141 99.948141 61.448141 22.948141
61.643836 94.143836 61.643836 29.143836
61.839530 108.339530 61.839530 15.339530
62.035225 97.035225 62.035225 27.035225
62.230920 73.730920 62.230920 50.730920
62.426614 97.926614 62.426614 26.926614
62.622309 74.622309 62.622309 50.622309
62.818004 90.318004 62.818004 35.318004
63.013699 82.013699 63.013699 44.013699
63.209393 95.209393 63.209393 31.209393
63.405088 112.905088 63.405088 13.905088
63.600783 102.600783 63.600783 24.600783
63.796477 99.796477 63.796477 27.796477
63.992172 106.492172 63.992172 21.492172
64.187867 77.687867 64.187867 50.687867
64.383562 87.883562 64.383562 40.883562
64.579256 83.079256 64.579256 46.079256
64.774951 95.774951 64.774951 33.774951
64.970646 80.470646 64.970646 49.470646
65.166341 97.166341 65.166341 33.166341
65.362035 104.362035 65.362035 26.362035
65.557730 110.057730 65.557730 21.057730
65.753425 99.753425 65.753425 31.753425
65.949119 76.949119 65.949119 54.949119
66.144814 76.144814 66.144814 56.144814
66.340509 87.340509 66.340509 45.340509
66.536204 105.036204 66.536204 28.036204
66.731898 106.231898 66.731898 27.231898
66.927593 96.927593 66.927593 36.927593
67.123288 75.623288 67.123288 58.623288
67.318982 76.818982 67.318982 57.818982
67.514677 110.514677 67.514677 24.514677
67.710372 93.710372 67.710372 41.710372
67.906067 91.406067 67.906067 44.406067
68.101761 68.601761 68.101761 67.601761
68.297456 106.297456 68.297456 30.297456
68.493151 94.493151 68.493151 42.493151
68.688845 91.188845 68.688845 46.188845
68.884540 117.884540 68.884540 19.884540
69.080235 87.080235 69.080235 51.080235
69.275930 79.275930 69.275930 59.275930
69.471624 93.471624 69.471624 45.471624
69.667319 114.167319 69.667319 25.167319
69.863014 97.863014 69.863014 41.863014
70.058708 82.558708 70.058708 57.558708
70.254403 83.754403 70.254403 56.754403
70.450098 98.950098 70.450098 41.950098
70.645793 110.645793 70.645793 30.645793
70.841487 72.341487 70.841487 69.341487
71.037182 108.037182 71.037182 34.037182
71.232877 91.732877 71.232877 50.732877
71.428571 107.428571 71.428571 35.428571
71.624266 104.124266 71.624266 39.124266
71.819961 104.319961 71.819961 39.319961
72.015656 120.015656 72.015656 24.015656
72.211350 98.211350 72.211350 46.211350
72.407045 73.407045 72.407045 71.407045
72.602740 114.102740 72.602740 31.102740
72.798434 104.298434 72.798434 41.298434
72.994129 103.494129 72.994129 42.494129
73.189824 108.689824 73.189824 37.689824
73.385519 100.385519 73.385519 46.385519
73.581213 77.081213 73.581213 70.081213
73.776908 101.776908 73.776908 45.776908
73.972603 77.472603 73.972603 70.472603
74.168297 112.168297 74.168297 36.168297
74.363992 76.363992 74.363992 72.363992
74.559687 122.559687 74.559687 26.559687
74.755382 93.755382 74.755382 55.755382
74.951076 124.951076 74.951076 24.951076
75.146771 113.146771 75.146771 37.146771
75.342466 79.842466 75.342466 70.842466
75.538160 101.538160 75.538160 49.538160
75.733855 119.233855 75.733855 32.233855
75.929550 108.929550 75.929550 42.929550
76.125245 79.625245 76.125245 72.625245
76.320939 122.820939 76.320939 29.820939
76.516634 78.516634 76.516634 74.516634
76.712329 126.712329 76.712329 26.712329
76.908023 111.908023 76.908023 41.908023
77.103718 120.603718 77.103718 33.603718
77.299413 85.799413 77.299413 68.799413
77.495108 112.495108 77.495108 42.495108
77.690802 120.190802 77.690802 35.190802
77.886497 89.386497 77.886497 66.386497
78.082192 84.582192 78.082192 71.582192
78.277886 81.277886 78.277886 75.277886
78.473581 110.473581 78.473581 46.473581
78.669276 82.669276 78.669276 74.669276
78.864971 117.864971 78.864971 39.864971
79.060665 107.060665 79.060665 51.060665
79.256360 84.256360 79.256360 74.256360
79.452055 115.952055 79.452055 42.952055
79.647750 101.147750 79.647750 58.147750
79.843444 113.843444 79.843444 45.843444
80.039139 120.539139 80.039139 39.539139
80.234834 124.734834 80.234834 35.734834
80.430528 113.930528 80.430528 46.930528
80.626223 122.126223 80.626223 39.126223
80.821918 129.321918 80.821918 32.321918
81.017613 118.517613 81.017613 43.517613
81.213307 110.713307 81.213307 51.713307
81.409002 129.409002 81.409002 33.409002
81.604697 92.604697 81.604697 70.604697
81.800391 92.300391 81.800391 71.300391
81.996086 131.496086 81.996086 32.496086
82.191781 108.191781 82.191781 56.191781
82.387476 94.387476 82.387476 70.387476
82.583170 102.083170 82.583170 63.083170
82.778865 93.778865 82.778865 71.778865
82.974560 97.974560 82.974560 67.974560
83.170254 117.670254 83.170254 48.670254
83.365949 114.865949 83.365949 51.865949
83.561644 89.061644 83.561644 78.061644
83.757339 98.257339 83.757339 69.257339
83.953033 114.453033 83.953033 53.453033
84.148728 127.648728 84.148728 40.648728
84.344423 125.344423 84.344423 43.344423
84.540117 103.540117 84.540117 65.540117
84.735812 109.235812 84.735812 60.235812
84.931507 123.931507 84.931507 45.931507
85.127202 96.127202 85.127202 74.127202
85.322896 93.322896 85.322896 77.322896
85.518591 98.018591 85.518591 73.018591
85.714286 134.714286 85.714286 36.714286
85.909980 113.409980 85.909980 58.409980
86.105675 119.605675 86.105675 52.605675
86.301370 120.301370 86.301370 52.301370
86.497065 117.497065 86.497065 55.497065
86.692759 90.192759 86.692759 83.192759
86.888454 110.388454 86.888454 63.388454
87.084149 105.084149 87.084149 69.084149
87.279843 117.779843 87.279843 56.779843
87.475538 118.475538 87.475538 56.475538
87.671233 103.171233 87.671233 72.171233
87.866928 129.866928 87.866928 45.866928
88.062622 97.062622 88.062622 79.062622
88.258317 88.758317 88.258317 87.758317
88.454012 99.454012 88.454012 77.454012
88.649706 115.649706 88.649706 61.649706
88.845401 106.345401 88.845401 71.345401
89.041096 97.541096 89.041096 80.541096
89.236791 120.236791 89.236791 58.236791
89.432485 103.932485 89.432485 74.932485
89.628180 105.128180 89.628180 74.128180
89.823875 115.323875 89.823875 64.323875
90.019569 116.519569 90.019569 63.519569
90.215264 91.215264 90.215264 89.215264
90.410959 96.410959 90.410959 84.410959
90.606654 97.606654 90.606654 83.606654
90.802348 129.302348 90.802348 52.302348
90.998043 101.498043 90.998043 80.498043
91.193738 116.693738 91.193738 65.693738
91.389432 103.389432 91.389432 79.389432
91.585127 125.085127 91.585127 58.085127
91.780822 124.280822 91.780822 59.280822
91.976517 134.476517 91.976517 49.476517
92.172211 136.172211 92.172211 48.172211
92.367906 139.867906 92.367906 44.867906
92.563601 133.063601 92.563601 52.063601
92.759295 96.759295 92.759295 88.759295
92.954990 108.454990 92.954990 77.454990
93.150685 98.650685 93.150685 87.650685
93.346380 128.846380 93.346380 57.846380
93.542074 116.542074 93.542074 70.542074
93.737769 111.237769 93.737769 76.237769
93.933464 134.433464 93.933464 53.433464
94.129159 97.129159 94.129159 91.129159
94.324853 103.824853 94.324853 84.824853
94.520548 108.520548 94.520548 80.520548
94.716243 132.716243 94.716243 56.716243
94.911937 115.411937 94.911937 74.411937
95.107632 111.107632 95.107632 79.107632
95.303327 117.303327 95.303327 73.303327
95.499022 113.499022 95.499022 77.499022
95.694716 119.194716 95.694716 72.194716
95.890411 116.890411 95.890411 74.890411
96.086106 143.586106 96.086106 48.586106
96.281800 143.781800 96.281800 48.781800
96.477495 119.977495 96.477495 72.977495
96.673190 115.673190 96.673190 77.673190
96.868885 113.868885 96.868885 79.868885
97.064579 121.564579 97.064579 72.564579
97.260274 140.260274 97.260274 54.260274
97.455969 100.955969 97.455969 93.955969
97.651663 124.151663 97.651663 71.151663
97.847358 114.347358 97.847358 81.347358
98.043053 115.543053 98.043053 80.543053
98.238748 135.238748 98.238748 61.238748
98.434442 140.434442 98.434442 56.434442
98.630137 134.130137 98.630137 63.130137
98.825832 106.825832 98.825832 90.825832
99.021526 148.021526 99.021526 50.021526
99.217221 127.217221 99.217221 71.217221
99.412916 123.412916 99.412916 75.412916
99.608611 119.608611 99.608611 79.608611
99.804305 104.304305 99.804305 95.304305
100.000000 114.000000 100.000000 86.000000