0.000000 49.000000 0.000000 -49.000000
1.587302 24.087302 1.587302 -20.912698
3.174603 48.174603 3.174603 -41.825397
4.761905 50.761905 4.761905 -41.238095
6.349206 54.849206 6.349206 -42.150794
7.936508 46.936508 7.936508 -31.063492
9.523810 57.023810 9.523810 -37.976190
11.111111 45.111111 11.111111 -22.888889
12.698413 48.698413 12.698413 -23.301587
14.285714 21.285714 14.285714 7.285714
15.873016 20.373016 15.873016 11.373016
17.460317 23.460317 17.460317 11.460317
19.047619 37.547619 19.047619 0.547619
20.634921 69.134921 20.634921 -27.865079
22.222222 40.722222 22.222222 3.722222
23.809524 70.809524 23.809524 -23.190476
25.396825 30.396825 25.396825 20.396825
26.984127 33.484127 26.984127 20.484127
28.571429 53.071429 28.571429 4.071429
30.158730 76.658730 30.158730 -16.341270
31.746032 38.746032 31.746032 24.746032
33.333333 40.833333 33.333333 25.833333
34.920635 51.920635 34.920635 17.920635
36.507937 59.507937 36.507937 13.507937
38.095238 38.595238 38.095238 37.595238
39.682540 60.182540 39.682540 19.182540
41.269841 50.769841 41.269841 31.769841
42.857143 86.857143 42.857143 -1.142857
44.444444 71.944444 44.444444 16.944444
46.031746 89.531746 46.031746 2.531746
47.619048 50.619048 47.619048 44.619048
49.206349 75.206349 49.206349 23.206349
50.793651 58.293651 50.793651 43.293651
52.380952 74.380952 52.380952 30.380952
53.968254 76.968254 53.968254 30.968254
55.555556 71.555556 55.555556 39.555556
57.142857 103.642857 57.142857 10.642857
58.730159 95.230159 58.730159 22.230159
60.317460 92.317460 60.317460 28.317460
61.904762 109.404762 61.904762 14.404762
63.492063 100.492063 63.492063 26.492063
65.079365 91.579365 65.079365 38.579365
66.666667 99.166667 66.666667 34.166667
68.253968 105.253968 68.253968 31.253968
69.841270 113.841270 69.841270 25.841270
71.428571 114.928571 71.428571 27.928571
73.015873 84.515873 73.015873 61.515873
74.603175 90.103175 74.603175 59.103175
76.190476 96.690476 76.190476 55.690476
77.777778 87.777778 77.777778 67.777778
79.365079 89.365079 79.365079 69.365079
80.952381 88.452381 80.952381 73.452381
82.539683 125.539683 82.539683 39.539683
84.126984 131.126984 84.126984 37.126984
85.714286 124.714286 85.714286 46.714286
87.301587 95.301587 87.301587 79.301587
88.888889 125.388889 88.888889 52.388889
90.476190 100.476190 90.476190 80.476190
92.063492 115.063492 92.063492 69.063492
93.650794 136.650794 93.650794 50.650794
95.238095 102.238095 95.238095 88.238095
96.825397 127.825397 96.825397 65.825397
98.412698 130.412698 98.412698 66.412698
100.000000 138.000000 100.000000 62.000000