0.000000 4.000000 0.000000 -4.000000
0.392157 47.892157 0.392157 -47.107843
0.784314 12.784314 0.784314 -11.215686
1.176471 5.676471 1.176471 -3.323529
1.568627 38.068627 1.568627 -34.931373
1.960784 39.960784 1.960784 -36.039216
2.352941 47.352941 2.352941 -42.647059
2.745098 33.245098 2.745098 -27.754902
3.137255 27.637255 3.137255 -21.362745
3.529412 20.029412 3.529412 -12.970588
3.921569 27.421569 3.921569 -19.578431
4.313725 27.313725 4.313725 -18.686275
4.705882 34.205882 4.705882 -24.794118
5.098039 42.098039 5.098039 -31.901961
5.490196 55.490196 5.490196 -44.509804
5.882353 47.382353 5.882353 -35.617647
6.274510 20.274510 6.274510 -7.725490
6.666667 48.666667 6.666667 -35.333333
7.058824 33.558824 7.058824 -19.441176
7.450980 7.950980 7.450980 6.950980
7.843137 45.843137 7.843137 -30.156863
8.235294 51.235294 8.235294 -34.764706
8.627451 20.127451 8.627451 -2.872549
9.019608 31.519608 9.019608 -13.480392
9.411765 53.911765 9.411765 -35.088235
9.803922 14.803922 9.803922 4.803922
10.196078 35.196078 10.196078 -14.803922
10.588235 22.088235 10.588235 -0.911765
10.980392 16.980392 10.980392 4.980392
11.372549 34.372549 11.372549 -11.627451
11.764706 13.764706 11.764706 9.764706
12.156863 24.156863 12.156863 0.156863
12.549020 37.549020 12.549020 -12.450980
12.941176 30.441176 12.941176 -4.558824
13.333333 43.333333 13.333333 -16.666667
13.725490 25.725490 13.725490 1.725490
14.117647 59.117647 14.117647 -30.882353
14.509804 43.009804 14.509804 -13.990196
14.901961 56.901961 14.901961 -27.098039
15.294118 23.794118 15.294118 6.794118
15.686275 31.686275 15.686275 -0.313725
16.078431 45.078431 16.078431 -12.921569
16.470588 22.970588 16.470588 9.970588
16.862745 50.362745 16.862745 -16.637255
17.254902 26.754902 17.254902 7.754902
17.647059 26.647059 17.647059 8.647059
18.039216 59.039216 18.039216 -22.960784
18.431373 21.431373 18.431373 15.431373
18.823529 48.323529 18.823529 -10.676471
19.215686 54.715686 19.215686 -16.284314
19.607843 65.107843 19.607843 -25.892157
20.000000 34.500000 20.000000 5.500000
20.392157 63.392157 20.392157 -22.607843
20.784314 41.284314 20.784314 0.284314
21.176471 71.176471 21.176471 -28.823529
21.568627 52.568627 21.568627 -9.431373
21.960784 70.460784 21.960784 -26.539216
22.352941 24.352941 22.352941 20.352941
22.745098 32.245098 22.745098 13.245098
23.137255 29.137255 23.137255 17.137255
23.529412 33.029412 23.529412 14.029412
23.921569 67.921569 23.921569 -20.078431
24.313725 55.313725 24.313725 -6.686275
24.705882 62.705882 24.705882 -13.294118
25.098039 52.598039 25.098039 -2.401961
25.490196 35.490196 25.490196 15.490196
25.882353 64.382353 25.882353 -12.617647
26.274510 35.274510 26.274510 17.274510
26.666667 70.166667 26.666667 -16.833333
27.058824 69.058824 27.058824 -14.941176
27.450980 64.950980 27.450980 -10.049020
27.843137 64.343137 27.843137 -8.656863
28.235294 54.735294 28.235294 1.735294
28.627451 74.627451 28.627451 -17.372549
29.019608 43.519608 29.019608 14.519608
29.411765 35.411765 29.411765 23.411765
29.803922 47.803922 29.803922 11.803922
30.196078 36.196078 30.196078 24.196078
30.588235 61.088235 30.588235 0.088235
30.980392 48.980392 30.980392 12.980392
31.372549 60.372549 31.372549 2.372549
31.764706 62.764706 31.764706 0.764706
32.156863 68.656863 32.156863 -4.343137
32.549020 60.549020 32.549020 4.549020
32.941176 55.441176 32.941176 10.441176
33.333333 50.833333 33.333333 15.833333
33.725490 37.225490 33.725490 30.225490
34.117647 56.617647 34.117647 11.617647
34.509804 46.009804 34.509804 23.009804
34.901961 71.401961 34.901961 -1.598039
35.294118 72.794118 35.294118 -2.205882
35.686275 49.186275 35.686275 22.186275
36.078431 36.578431 36.078431 35.578431
36.470588 75.970588 36.470588 -3.029412
36.862745 86.362745 36.862745 -12.637255
37.254902 67.754902 37.254902 6.754902
37.647059 55.647059 37.647059 19.647059
38.039216 86.539216 38.039216 -10.460784
38.431373 82.431373 38.431373 -5.568627
38.823529 60.823529 38.823529 16.823529
39.215686 47.215686 39.215686 31.215686
39.607843 72.607843 39.607843 6.607843
40.000000 48.500000 40.000000 31.500000
40.392157 56.392157 40.392157 24.392157
40.784314 48.284314 40.784314 33.284314
41.176471 49.676471 41.176471 32.676471
41.568627 54.568627 41.568627 28.568627
41.960784 66.460784 41.960784 17.460784
42.352941 63.852941 42.352941 20.852941
42.745098 87.745098 42.745098 -2.254902
43.137255 57.637255 43.137255 28.637255
43.529412 59.029412 43.529412 28.029412
43.921569 72.421569 43.921569 15.421569
44.313725 82.813725 44.313725 5.813725
44.705882 90.205882 44.705882 -0.794118
45.098039 63.598039 45.098039 26.598039
45.490196 60.990196 45.490196 29.990196
45.882353 76.382353 45.882353 15.382353
46.274510 70.774510 46.274510 21.774510
46.666667 59.166667 46.666667 34.166667
47.058824 91.058824 47.058824 3.058824
47.450980 74.450980 47.450980 20.450980
47.843137 84.843137 47.843137 10.843137
48.235294 68.735294 48.235294 27.735294
48.627451 85.127451 48.627451 12.127451
49.019608 84.519608 49.019608 13.519608
49.411765 64.411765 49.411765 34.411765
49.803922 54.303922 49.803922 45.303922
50.196078 81.196078 50.196078 19.196078
50.588235 74.088235 50.588235 27.088235
50.980392 98.980392 50.980392 2.980392
51.372549 68.372549 51.372549 34.372549
51.764706 86.764706 51.764706 16.764706
52.156863 75.656863 52.156863 28.656863
52.549020 65.549020 52.549020 39.549020
52.941176 76.941176 52.941176 28.941176
53.333333 84.333333 53.333333 22.333333
53.725490 76.225490 53.725490 31.225490
54.117647 58.617647 54.117647 49.617647
54.509804 103.509804 54.509804 5.509804
54.901961 64.901961 54.901961 44.901961
55.294118 59.794118 55.294118 50.794118
55.686275 83.186275 55.686275 28.186275
56.078431 64.578431 56.078431 47.578431
56.470588 56.970588 56.470588 55.970588
56.862745 84.362745 56.862745 29.362745
57.254902 89.254902 57.254902 25.254902
57.647059 77.647059 57.647059 37.647059
58.039216 86.539216 58.039216 29.539216
58.431373 62.931373 58.431373 53.931373
58.823529 84.323529 58.823529 33.323529
59.215686 63.715686 59.215686 54.715686
59.607843 72.607843 59.607843 46.607843
60.000000 69.000000 60.000000 51.000000
60.392157 62.392157 60.392157 58.392157
60.784314 104.784314 60.784314 16.784314
61.176471 64.176471 61.176471 58.176471
61.568627 85.068627 61.568627 38.068627
61.960784 92.460784 61.960784 31.460784
62.352941 80.352941 62.352941 44.352941
62.745098 85.245098 62.745098 40.245098
63.137255 103.137255 63.137255 23.137255
63.529412 104.529412 63.529412 22.529412
63.921569 79.421569 63.921569 48.421569
64.313725 76.813725 64.313725 51.813725
64.705882 84.205882 64.705882 45.205882
65.098039 73.598039 65.098039 56.598039
65.490196 103.490196 65.490196 27.490196
65.882353 69.382353 65.882353 62.382353
66.274510 71.274510 66.274510 61.274510
66.666667 113.666667 66.666667 19.666667
67.058824 96.558824 67.058824 37.558824
67.450980 110.450980 67.450980 24.450980
67.843137 87.343137 67.843137 48.343137
68.235294 86.735294 68.235294 49.735294
68.627451 83.627451 68.627451 53.627451
69.019608 73.519608 69.019608 64.519608
69.411765 101.911765 69.411765 36.911765
69.803922 116.803922 69.803922 22.803922
70.196078 97.696078 70.196078 42.696078
70.588235 104.088235 70.588235 37.088235
70.980392 117.480392 70.980392 24.480392
71.372549 100.372549 71.372549 42.372549
71.764706 117.764706 71.764706 25.764706
72.156863 118.656863 72.156863 25.656863
72.549020 87.049020 72.549020 58.049020
72.941176 120.441176 72.941176 25.441176
73.333333 114.333333 73.333333 32.333333
73.725490 100.225490 73.725490 47.225490
74.117647 115.117647 74.117647 33.117647
74.509804 109.509804 74.509804 39.509804
74.901961 118.901961 74.901961 30.901961
75.294118 103.794118 75.294118 46.794118
75.686275 109.686275 75.686275 41.686275
76.078431 77.578431 76.078431 74.578431
76.470588 114.470588 76.470588 38.470588
76.862745 85.862745 76.862745 67.862745
77.254902 105.254902 77.254902 49.254902
77.647059 104.647059 77.647059 50.647059
78.039216 93.539216 78.039216 62.539216
78.431373 113.931373 78.431373 42.931373
78.823529 126.823529 78.823529 30.823529
79.215686 106.715686 79.215686 51.715686
79.607843 92.607843 79.607843 66.607843
80.000000 81.500000 80.000000 78.500000
80.392157 118.392157 80.392157 42.392157
80.784314 81.284314 80.784314 80.284314
81.176471 94.676471 81.176471 67.676471
81.568627 109.568627 81.568627 53.568627
81.960784 88.960784 81.960784 74.960784
82.352941 104.852941 82.352941 59.852941
82.745098 90.245098 82.745098 75.245098
83.137255 127.137255 83.137255 39.137255
83.529412 111.529412 83.529412 55.529412
83.921569 113.421569 83.921569 54.421569
84.313725 111.313725 84.313725 57.313725
84.705882 127.705882 84.705882 41.705882
85.098039 110.598039 85.098039 59.598039
85.490196 122.490196 85.490196 48.490196
85.882353 128.882353 85.882353 42.882353
86.274510 92.274510 86.274510 80.274510
86.666667 108.666667 86.666667 64.666667
87.058824 101.558824 87.058824 72.558824
87.450980 130.950980 87.450980 43.950980
87.843137 91.343137 87.843137 84.343137
88.235294 119.235294 88.235294 57.235294
88.627451 106.127451 88.627451 71.127451
89.019608 102.519608 89.019608 75.519608
89.411765 118.411765 89.411765 60.411765
89.803922 96.803922 89.803922 82.803922
90.196078 97.196078 90.196078 83.196078
90.588235 137.588235 90.588235 43.588235
90.980392 107.980392 90.980392 73.980392
91.372549 101.372549 91.372549 81.372549
91.764706 95.764706 91.764706 87.764706
92.156863 138.156863 92.156863 46.156863
92.549020 140.549020 92.549020 44.549020
92.941176 110.941176 92.941176 74.941176
93.333333 98.333333 93.333333 88.333333
93.725490 138.725490 93.725490 48.725490
94.117647 113.617647 94.117647 74.617647
94.509804 102.509804 94.509804 86.509804
94.901961 127.401961 94.901961 62.401961
95.294118 97.294118 95.294118 93.294118
95.686275 99.186275 95.686275 92.186275
96.078431 123.078431 96.078431 69.078431
96.470588 142.470588 96.470588 50.470588
96.862745 105.362745 96.862745 88.362745
97.254902 103.754902 97.254902 90.754902
97.647059 98.647059 97.647059 96.647059
98.039216 136.539216 98.039216 59.539216
98.431373 134.931373 98.431373 61.931373
98.823529 141.823529 98.823529 55.823529
99.215686 111.715686 99.215686 86.715686
99.607843 130.607843 99.607843 68.607843
100.000000 102.500000 100.000000 97.500000