0.000000 19.500000 0.000000 -19.500000
6.666667 19.166667 6.666667 -5.833333
13.333333 51.833333 13.333333 -25.166667
20.000000 68.500000 20.000000 -28.500000
26.666667 31.666667 26.666667 21.666667
33.333333 72.333333 33.333333 -5.666667
40.000000 49.500000 40.000000 30.500000
46.666667 47.166667 46.666667 46.166667
53.333333 74.333333 53.333333 32.333333
60.000000 67.500000 60.000000 52.500000
66.666667 93.666667 66.666667 39.666667
73.333333 101.333333 73.333333 45.333333
80.000000 115.000000 80.000000 45.000000
86.666667 130.666667 86.666667 42.666667
93.333333 94.333333 93.333333 92.333333
100.000000 134.500000 100.000000 65.500000