0.000000 16.500000 0.000000 -16.500000
6.666667 47.166667 6.666667 -33.833333
13.333333 17.833333 13.333333 8.833333
20.000000 37.500000 20.000000 2.500000
26.666667 52.166667 26.666667 1.166667
33.333333 40.333333 33.333333 26.333333
40.000000 88.500000 40.000000 -8.500000
46.666667 67.166667 46.666667 26.166667
53.333333 102.333333 53.333333 4.333333
60.000000 92.000000 60.000000 28.000000
66.666667 90.166667 66.666667 43.166667
73.333333 86.333333 73.333333 60.333333
80.000000 89.000000 80.000000 71.000000
86.666667 116.166667 86.666667 57.166667
93.333333 101.333333 93.333333 85.333333
100.000000 120.500000 100.000000 79.500000