0.000000 40.500000 0.000000 -40.500000
0.392157 31.392157 0.392157 -30.607843
0.784314 21.284314 0.784314 -19.715686
1.176471 25.176471 1.176471 -22.823529
1.568627 2.068627 1.568627 1.068627
1.960784 23.960784 1.960784 -20.039216
2.352941 10.852941 2.352941 -6.147059
2.745098 26.245098 2.745098 -20.754902
3.137255 44.137255 3.137255 -37.862745
3.529412 31.029412 3.529412 -23.970588
3.921569 6.421569 3.921569 1.421569
4.313725 18.313725 4.313725 -9.686275
4.705882 7.705882 4.705882 1.705882
5.098039 23.098039 5.098039 -12.901961
5.490196 12.990196 5.490196 -2.009804
5.882353 23.882353 5.882353 -12.117647
6.274510 16.774510 6.274510 -4.225490
6.666667 21.666667 6.666667 -8.333333
7.058824 44.558824 7.058824 -30.441176
7.450980 46.950980 7.450980 -32.049020
7.843137 57.843137 7.843137 -42.156863
8.235294 52.235294 8.235294 -35.764706
8.627451 19.127451 8.627451 -1.872549
9.019608 20.019608 9.019608 -1.980392
9.411765 56.911765 9.411765 -38.088235
9.803922 43.303922 9.803922 -23.696078
10.196078 14.696078 10.196078 5.696078
10.588235 35.088235 10.588235 -13.911765
10.980392 18.980392 10.980392 2.980392
11.372549 55.372549 11.372549 -32.627451
11.764706 56.264706 11.764706 -32.735294
12.156863 45.156863 12.156863 -20.843137
12.549020 14.049020 12.549020 11.049020
12.941176 60.941176 12.941176 -35.058824
13.333333 45.833333 13.333333 -19.166667
13.725490 18.725490 13.725490 8.725490
14.117647 28.617647 14.117647 -0.382353
14.509804 53.009804 14.509804 -23.990196
14.901961 24.901961 14.901961 4.901961
15.294118 16.794118 15.294118 13.794118
15.686275 22.686275 15.686275 8.686275
16.078431 33.578431 16.078431 -1.421569
16.470588 50.970588 16.470588 -18.029412
16.862745 21.862745 16.862745 11.862745
17.254902 42.254902 17.254902 -7.745098
17.647059 24.647059 17.647059 10.647059
18.039216 49.539216 18.039216 -13.460784
18.431373 45.931373 18.431373 -9.068627
18.823529 49.323529 18.823529 -11.676471
19.215686 59.715686 19.215686 -21.284314
19.607843 46.107843 19.607843 -6.892157
20.000000 25.500000 20.000000 14.500000
20.392157 54.392157 20.392157 -13.607843
20.784314 61.784314 20.784314 -20.215686
21.176471 40.176471 21.176471 2.176471
21.568627 22.068627 21.568627 21.068627
21.960784 22.960784 21.960784 20.960784
22.352941 35.352941 22.352941 9.352941
22.745098 70.245098 22.745098 -24.754902
23.137255 43.637255 23.137255 2.637255
23.529412 31.029412 23.529412 16.029412
23.921569 39.421569 23.921569 8.421569
24.313725 32.813725 24.313725 15.813725
24.705882 43.705882 24.705882 5.705882
25.098039 58.598039 25.098039 -8.401961
25.490196 62.490196 25.490196 -11.509804
25.882353 32.882353 25.882353 18.882353
26.274510 38.774510 26.274510 13.774510
26.666667 75.666667 26.666667 -22.333333
27.058824 62.558824 27.058824 -8.441176
27.450980 48.950980 27.450980 5.950980
27.843137 35.343137 27.843137 20.343137
28.235294 51.235294 28.235294 5.235294
28.627451 59.127451 28.627451 -1.872549
29.019608 67.019608 29.019608 -8.980392
29.411765 38.911765 29.411765 19.911765
29.803922 71.303922 29.803922 -11.696078
30.196078 41.696078 30.196078 18.696078
30.588235 76.088235 30.588235 -14.911765
30.980392 78.980392 30.980392 -17.019608
31.372549 56.872549 31.372549 5.872549
31.764706 48.764706 31.764706 14.764706
32.156863 42.156863 32.156863 22.156863
32.549020 36.549020 32.549020 28.549020
32.941176 41.441176 32.941176 24.441176
33.333333 65.333333 33.333333 1.333333
33.725490 71.725490 33.725490 -4.274510
34.117647 58.617647 34.117647 9.617647
34.509804 48.009804 34.509804 21.009804
34.901961 66.401961 34.901961 3.401961
35.294118 77.294118 35.294118 -6.705882
35.686275 45.686275 35.686275 25.686275
36.078431 75.578431 36.078431 -3.421569
36.470588 63.470588 36.470588 9.470588
36.862745 62.362745 36.862745 11.362745
37.254902 65.254902 37.254902 9.254902
37.647059 53.647059 37.647059 21.647059
38.039216 59.039216 38.039216 17.039216
38.431373 83.931373 38.431373 -7.068627
38.823529 82.323529 38.823529 -4.676471
39.215686 85.715686 39.215686 -7.284314
39.607843 68.107843 39.607843 11.107843
40.000000 49.500000 40.000000 30.500000
40.392157 74.392157 40.392157 6.392157
40.784314 58.784314 40.784314 22.784314
41.176471 50.676471 41.176471 31.676471
41.568627 62.568627 41.568627 20.568627
41.960784 82.460784 41.960784 1.460784
42.352941 55.352941 42.352941 29.352941
42.745098 76.245098 42.745098 9.245098
43.137255 52.137255 43.137255 34.137255
43.529412 65.529412 43.529412 21.529412
43.921569 48.921569 43.921569 38.921569
44.313725 59.813725 44.313725 28.813725
44.705882 80.705882 44.705882 8.705882
45.098039 64.598039 45.098039 25.598039
45.490196 67.490196 45.490196 23.490196
45.882353 46.382353 45.882353 45.382353
46.274510 55.274510 46.274510 37.274510
46.666667 51.166667 46.666667 42.166667
47.058824 80.058824 47.058824 14.058824
47.450980 69.450980 47.450980 25.450980
47.843137 80.343137 47.843137 15.343137
48.235294 74.235294 48.235294 22.235294
48.627451 55.627451 48.627451 41.627451
49.019608 70.519608 49.019608 27.519608
49.411765 99.411765 49.411765 -0.588235
49.803922 69.303922 49.803922 30.303922
50.196078 92.196078 50.196078 8.196078
50.588235 53.088235 50.588235 48.088235
50.980392 59.980392 50.980392 41.980392
51.372549 86.872549 51.372549 15.872549
51.764706 66.764706 51.764706 36.764706
52.156863 73.656863 52.156863 30.656863
52.549020 79.549020 52.549020 25.549020
52.941176 91.941176 52.941176 13.941176
53.333333 65.333333 53.333333 41.333333
53.725490 85.225490 53.725490 22.225490
54.117647 90.117647 54.117647 18.117647
54.509804 65.509804 54.509804 43.509804
54.901961 79.401961 54.901961 30.401961
55.294118 99.794118 55.294118 10.794118
55.686275 105.686275 55.686275 5.686275
56.078431 95.578431 56.078431 16.578431
56.470588 64.970588 56.470588 47.970588
56.862745 88.362745 56.862745 25.362745
57.254902 73.754902 57.254902 40.754902
57.647059 87.647059 57.647059 27.647059
58.039216 95.539216 58.039216 20.539216
58.431373 101.931373 58.431373 14.931373
58.823529 62.323529 58.823529 55.323529
59.215686 89.715686 59.215686 28.715686
59.607843 80.607843 59.607843 38.607843
60.000000 81.000000 60.000000 39.000000
60.392157 79.392157 60.392157 41.392157
60.784314 73.284314 60.784314 48.284314
61.176471 86.676471 61.176471 35.676471
61.568627 110.568627 61.568627 12.568627
61.960784 84.960784 61.960784 38.960784
62.352941 111.352941 62.352941 13.352941
62.745098 65.245098 62.745098 60.245098
63.137255 91.137255 63.137255 35.137255
63.529412 107.529412 63.529412 19.529412
63.921569 78.921569 63.921569 48.921569
64.313725 67.813725 64.313725 60.813725
64.705882 94.705882 64.705882 34.705882
65.098039 75.098039 65.098039 55.098039
65.490196 80.490196 65.490196 50.490196
65.882353 77.882353 65.882353 53.882353
66.274510 98.274510 66.274510 34.274510
66.666667 68.666667 66.666667 64.666667
67.058824 89.558824 67.058824 44.558824
67.450980 78.450980 67.450980 56.450980
67.843137 87.343137 67.843137 48.343137
68.235294 70.235294 68.235294 66.235294
68.627451 116.127451 68.627451 21.127451
69.019608 92.019608 69.019608 46.019608
69.411765 109.411765 69.411765 29.411765
69.803922 75.303922 69.803922 64.303922
70.196078 108.696078 70.196078 31.696078
70.588235 119.588235 70.588235 21.588235
70.980392 75.980392 70.980392 65.980392
71.372549 90.372549 71.372549 52.372549
71.764706 97.764706 71.764706 45.764706
72.156863 72.656863 72.156863 71.656863
72.549020 120.049020 72.549020 25.049020
72.941176 95.941176 72.941176 49.941176
73.333333 122.833333 73.333333 23.833333
73.725490 85.725490 73.725490 61.725490
74.117647 92.617647 74.117647 55.617647
74.509804 88.009804 74.509804 61.009804
74.901961 75.901961 74.901961 73.901961
75.294118 79.294118 75.294118 71.294118
75.686275 94.686275 75.686275 56.686275
76.078431 104.078431 76.078431 48.078431
76.470588 88.470588 76.470588 64.470588
76.862745 106.862745 76.862745 46.862745
77.254902 122.254902 77.254902 32.254902
77.647059 110.647059 77.647059 44.647059
78.039216 103.539216 78.039216 52.539216
78.431373 110.931373 78.431373 45.931373
78.823529 116.823529 78.823529 40.823529
79.215686 95.715686 79.215686 62.715686
79.607843 107.107843 79.607843 52.107843
80.000000 118.500000 80.000000 41.500000
80.392157 88.392157 80.392157 72.392157
80.784314 126.784314 80.784314 34.784314
81.176471 118.176471 81.176471 44.176471
81.568627 127.068627 81.568627 36.068627
81.960784 112.460784 81.960784 51.460784
82.352941 113.852941 82.352941 50.852941
82.745098 100.745098 82.745098 64.745098
83.137255 127.637255 83.137255 38.637255
83.529412 97.029412 83.529412 70.029412
83.921569 89.421569 83.921569 78.421569
84.313725 100.813725 84.313725 67.813725
84.705882 111.205882 84.705882 58.205882
85.098039 94.598039 85.098039 75.598039
85.490196 112.990196 85.490196 57.990196
85.882353 100.882353 85.882353 70.882353
86.274510 134.774510 86.274510 37.774510
86.666667 104.666667 86.666667 68.666667
87.058824 109.058824 87.058824 65.058824
87.450980 129.950980 87.450980 44.950980
87.843137 105.343137 87.843137 70.343137
88.235294 121.235294 88.235294 55.235294
88.627451 115.127451 88.627451 62.127451
89.019608 92.519608 89.019608 85.519608
89.411765 104.911765 89.411765 73.911765
89.803922 114.803922 89.803922 64.803922
90.196078 123.696078 90.196078 56.696078
90.588235 140.588235 90.588235 40.588235
90.980392 122.980392 90.980392 58.980392
91.372549 130.372549 91.372549 52.372549
91.764706 104.764706 91.764706 78.764706
92.156863 102.156863 92.156863 82.156863
92.549020 104.549020 92.549020 80.549020
92.941176 118.941176 92.941176 66.941176
93.333333 124.333333 93.333333 62.333333
93.725490 98.725490 93.725490 88.725490
94.117647 114.617647 94.117647 73.617647
94.509804 143.509804 94.509804 45.509804
94.901961 127.901961 94.901961 61.901961
95.294118 134.794118 95.294118 55.794118
95.686275 99.686275 95.686275 91.686275
96.078431 120.578431 96.078431 71.578431
96.470588 99.970588 96.470588 92.970588
96.862745 118.862745 96.862745 74.862745
97.254902 124.754902 97.254902 69.754902
97.647059 140.647059 97.647059 54.647059
98.039216 118.039216 98.039216 78.039216
98.431373 139.931373 98.431373 56.931373
98.823529 111.823529 98.823529 85.823529
99.215686 102.215686 99.215686 96.215686
99.607843 145.607843 99.607843 53.607843
100.000000 135.500000 100.000000 64.500000