0.000000 32.000000 0.000000 -32.000000
3.225806 38.725806 3.225806 -32.274194
6.451613 28.951613 6.451613 -16.048387
9.677419 23.677419 9.677419 -4.322581
12.903226 16.403226 12.903226 9.403226
16.129032 42.129032 16.129032 -9.870968
19.354839 47.354839 19.354839 -8.645161
22.580645 63.080645 22.580645 -17.919355
25.806452 56.306452 25.806452 -4.693548
29.032258 54.532258 29.032258 3.532258
32.258065 59.758065 32.258065 4.758065
35.483871 58.483871 35.483871 12.483871
38.709677 52.709677 38.709677 24.709677
41.935484 83.435484 41.935484 0.435484
45.161290 69.161290 45.161290 21.161290
48.387097 80.887097 48.387097 15.887097
51.612903 81.612903 51.612903 21.612903
54.838710 61.838710 54.838710 47.838710
58.064516 70.564516 58.064516 45.564516
61.290323 77.790323 61.290323 44.790323
64.516129 67.516129 64.516129 61.516129
67.741935 104.241935 67.741935 31.241935
70.967742 110.967742 70.967742 30.967742
74.193548 123.193548 74.193548 25.193548
77.419355 82.419355 77.419355 72.419355
80.645161 115.645161 80.645161 45.645161
83.870968 90.870968 83.870968 76.870968
87.096774 103.096774 87.096774 71.096774
90.322581 111.322581 90.322581 69.322581
93.548387 95.048387 93.548387 92.048387
96.774194 127.774194 96.774194 65.774194
100.000000 125.500000 100.000000 74.500000