0.000000 27.500000 0.000000 -27.500000
0.097752 13.097752 0.097752 -12.902248
0.195503 4.195503 0.195503 -3.804497
0.293255 19.793255 0.293255 -19.206745
0.391007 48.391007 0.391007 -47.608993
0.488759 1.988759 0.488759 -1.011241
0.586510 30.586510 0.586510 -29.413490
0.684262 45.184262 0.684262 -43.815738
0.782014 30.282014 0.782014 -28.717986
0.879765 36.879765 0.879765 -35.120235
0.977517 36.977517 0.977517 -35.022483
1.075269 20.075269 1.075269 -17.924731
1.173021 9.173021 1.173021 -6.826979
1.270772 9.270772 1.270772 -6.729228
1.368524 24.868524 1.368524 -22.131476
1.466276 3.466276 1.466276 -0.533724
1.564027 38.064027 1.564027 -34.935973
1.661779 39.661779 1.661779 -36.338221
1.759531 24.759531 1.759531 -21.240469
1.857283 16.357283 1.857283 -12.642717
1.955034 9.455034 1.955034 -5.544966
2.052786 27.052786 2.052786 -22.947214
2.150538 20.650538 2.150538 -16.349462
2.248289 41.748289 2.248289 -37.251711
2.346041 9.346041 2.346041 -4.653959
2.443793 39.943793 2.443793 -35.056207
2.541544 34.041544 2.541544 -28.958456
2.639296 48.139296 2.639296 -42.860704
2.737048 38.737048 2.737048 -33.262952
2.834800 8.834800 2.834800 -3.165200
2.932551 46.932551 2.932551 -41.067449
3.030303 6.530303 3.030303 -0.469697
3.128055 3.628055 3.128055 2.628055
3.225806 18.725806 3.225806 -12.274194
3.323558 23.323558 3.323558 -16.676442
3.421310 17.921310 3.421310 -11.078690
3.519062 36.019062 3.519062 -28.980938
3.616813 17.116813 3.616813 -9.883187
3.714565 53.214565 3.714565 -45.785435
3.812317 37.812317 3.812317 -30.187683
3.910068 37.410068 3.910068 -29.589932
4.007820 43.507820 4.007820 -35.492180
4.105572 7.605572 4.105572 0.605572
4.203324 16.703324 4.203324 -8.296676
4.301075 29.801075 4.301075 -21.198925
4.398827 47.898827 4.398827 -39.101173
4.496579 54.496579 4.496579 -45.503421
4.594330 35.094330 4.594330 -25.905670
4.692082 6.192082 4.692082 3.192082
4.789834 50.289834 4.789834 -40.710166
4.887586 44.387586 4.887586 -34.612414
4.985337 30.485337 4.985337 -20.514663
5.083089 43.083089 5.083089 -32.916911
5.180841 36.180841 5.180841 -25.819159
5.278592 26.778592 5.278592 -16.221408
5.376344 17.876344 5.376344 -7.123656
5.474096 15.974096 5.474096 -5.025904
5.571848 22.071848 5.571848 -10.928152
5.669599 23.669599 5.669599 -12.330401
5.767351 26.267351 5.767351 -14.732649
5.865103 31.865103 5.865103 -20.134897
5.962854 51.462854 5.962854 -39.537146
6.060606 12.060606 6.060606 0.060606
6.158358 15.658358 6.158358 -3.341642
6.256109 29.756109 6.256109 -17.243891
6.353861 22.353861 6.353861 -9.646139
6.451613 53.451613 6.451613 -40.548387
6.549365 50.549365 6.549365 -37.450635
6.647116 56.147116 6.647116 -42.852884
6.744868 16.744868 6.744868 -3.255132
6.842620 47.842620 6.842620 -34.157380
6.940371 37.940371 6.940371 -24.059629
7.038123 19.038123 7.038123 -4.961877
7.135875 47.135875 7.135875 -32.864125
7.233627 29.233627 7.233627 -14.766373
7.331378 13.831378 7.331378 0.831378
7.429130 36.429130 7.429130 -21.570870
7.526882 14.026882 7.526882 1.026882
7.624633 18.624633 7.624633 -3.375367
7.722385 31.222385 7.722385 -15.777615
7.820137 32.320137 7.820137 -16.679863
7.917889 17.917889 7.917889 -2.082111
8.015640 14.515640 8.015640 1.515640
8.113392 42.113392 8.113392 -25.886608
8.211144 58.211144 8.211144 -41.788856
8.308895 41.308895 8.308895 -24.691105
8.406647 19.906647 8.406647 -3.093353
8.504399 50.004399 8.504399 -32.995601
8.602151 27.602151 8.602151 -10.397849
8.699902 43.699902 8.699902 -26.300098
8.797654 41.297654 8.797654 -23.702346
8.895406 10.395406 8.895406 7.395406
8.993157 23.993157 8.993157 -6.006843
9.090909 54.590909 9.090909 -36.409091
9.188661 42.188661 9.188661 -23.811339
9.286413 24.786413 9.286413 -6.213587
9.384164 38.884164 9.384164 -20.115836
9.481916 28.481916 9.481916 -9.518084
9.579668 18.079668 9.579668 1.079668
9.677419 12.177419 9.677419 7.177419
9.775171 59.275171 9.775171 -39.724829
9.872923 39.372923 9.872923 -19.627077
9.970674 40.970674 9.970674 -21.029326
10.068426 24.568426 10.068426 -4.431574
10.166178 55.666178 10.166178 -35.333822
10.263930 32.263930 10.263930 -11.736070
10.361681 22.861681 10.361681 -2.138319
10.459433 12.959433 10.459433 7.959433
10.557185 17.057185 10.557185 4.057185
10.654936 35.654936 10.654936 -14.345064
10.752688 46.252688 10.752688 -24.747312
10.850440 27.350440 10.850440 -5.649560
10.948192 11.948192 10.948192 9.948192
11.045943 44.045943 11.045943 -21.954057
11.143695 20.643695 11.143695 1.643695
11.241447 37.741447 11.241447 -15.258553
11.339198 57.839198 11.339198 -35.160802
11.436950 34.936950 11.436950 -12.063050
11.534702 55.034702 11.534702 -31.965298
11.632454 33.132454 11.632454 -9.867546
11.730205 56.230205 11.730205 -32.769795
11.827957 30.827957 11.827957 -7.172043
11.925709 18.925709 11.925709 4.925709
12.023460 33.523460 12.023460 -9.476540
12.121212 32.121212 12.121212 -7.878788
12.218964 61.718964 12.218964 -37.281036
12.316716 61.316716 12.316716 -36.683284
12.414467 27.914467 12.414467 -3.085533
12.512219 59.512219 12.512219 -34.487781
12.609971 52.609971 12.609971 -27.390029
12.707722 59.707722 12.707722 -34.292278
12.805474 43.805474 12.805474 -18.194526
12.903226 31.403226 12.903226 -5.596774
13.000978 33.500978 13.000978 -7.499022
13.098729 49.098729 13.098729 -22.901271
13.196481 45.196481 13.196481 -18.803519
13.294233 42.294233 13.294233 -15.705767
13.391984 54.391984 13.391984 -27.608016
13.489736 20.989736 13.489736 5.989736
13.587488 27.087488 13.587488 0.087488
13.685239 32.685239 13.685239 -5.314761
13.782991 19.282991 13.782991 8.282991
13.880743 50.880743 13.880743 -23.119257
13.978495 30.478495 13.978495 -2.521505
14.076246 44.076246 14.076246 -15.923754
14.173998 59.173998 14.173998 -30.826002
14.271750 28.771750 14.271750 -0.228250
14.369501 51.869501 14.369501 -23.130499
14.467253 38.467253 14.467253 -9.532747
14.565005 35.565005 14.565005 -6.434995
14.662757 56.162757 14.662757 -26.837243
14.760508 41.260508 14.760508 -11.739492
14.858260 38.858260 14.858260 -9.141740
14.956012 58.456012 14.956012 -28.543988
15.053763 22.053763 15.053763 8.053763
15.151515 21.651515 15.151515 8.651515
15.249267 22.249267 15.249267 8.249267
15.347019 48.347019 15.347019 -17.652981
15.444770 64.444770 15.444770 -33.555230
15.542522 45.042522 15.542522 -13.957478
15.640274 36.640274 15.640274 -5.359726
15.738025 16.238025 15.738025 15.238025
15.835777 60.835777 15.835777 -29.164223
15.933529 64.933529 15.933529 -33.066471
16.031281 66.031281 16.031281 -33.968719
16.129032 62.629032 16.129032 -30.370968
16.226784 25.726784 16.226784 6.726784
16.324536 44.824536 16.324536 -12.175464
16.422287 41.422287 16.422287 -8.577713
16.520039 60.020039 16.520039 -26.979961
16.617791 35.117791 16.617791 -1.882209
16.715543 62.215543 16.715543 -28.784457
16.813294 47.813294 16.813294 -14.186706
16.911046 55.911046 16.911046 -22.088954
17.008798 54.008798 17.008798 -19.991202
17.106549 66.106549 17.106549 -31.893451
17.204301 57.204301 17.204301 -22.795699
17.302053 40.802053 17.302053 -6.197947
17.399804 55.899804 17.399804 -21.100196
17.497556 66.497556 17.497556 -31.502444
17.595308 30.595308 17.595308 4.595308
17.693060 63.693060 17.693060 -28.306940
17.790811 34.790811 17.790811 0.790811
17.888563 27.388563 17.888563 8.388563
17.986315 39.986315 17.986315 -4.013685
18.084066 56.584066 18.084066 -20.415934
18.181818 64.181818 18.181818 -27.818182
18.279570 43.779570 18.279570 -7.220430
18.377322 37.377322 18.377322 -0.622678
18.475073 57.475073 18.475073 -20.524927
18.572825 28.072825 18.572825 9.072825
18.670577 42.670577 18.670577 -5.329423
18.768328 48.268328 18.768328 -10.731672
18.866080 61.866080 18.866080 -24.133920
18.963832 52.963832 18.963832 -15.036168
19.061584 29.061584 19.061584 9.061584
19.159335 66.159335 19.159335 -27.840665
19.257087 49.257087 19.257087 -10.742913
19.354839 52.354839 19.354839 -13.645161
19.452590 38.452590 19.452590 0.452590
19.550342 36.050342 19.550342 3.050342
19.648094 21.648094 19.648094 17.648094
19.745846 41.745846 19.745846 -2.254154
19.843597 61.343597 19.843597 -21.656403
19.941349 52.941349 19.941349 -13.058651
20.039101 70.039101 20.039101 -29.960899
20.136852 50.136852 20.136852 -9.863148
20.234604 46.234604 20.234604 -5.765396
20.332356 24.332356 20.332356 16.332356
20.430108 53.930108 20.430108 -13.069892
20.527859 41.527859 20.527859 -0.472141
20.625611 33.625611 20.625611 7.625611
20.723363 59.223363 20.723363 -17.776637
20.821114 65.321114 20.821114 -23.678886
20.918866 48.418866 20.918866 -6.581134
21.016618 44.016618 21.016618 -1.983382
21.114370 68.114370 21.114370 -25.885630
21.212121 25.712121 21.212121 16.712121
21.309873 39.809873 21.309873 2.809873
21.407625 23.407625 21.407625 19.407625
21.505376 24.005376 21.505376 19.005376
21.603128 54.103128 21.603128 -10.896872
21.700880 47.700880 21.700880 -4.299120
21.798631 50.298631 21.798631 -6.701369
21.896383 36.396383 21.896383 7.396383
21.994135 55.994135 21.994135 -12.005865
22.091887 53.591887 22.091887 -9.408113
22.189638 57.689638 22.189638 -13.310362
22.287390 53.287390 22.287390 -8.712610
22.385142 44.885142 22.385142 -0.114858
22.482893 58.982893 22.482893 -14.017107
22.580645 72.080645 22.580645 -26.919355
22.678397 49.678397 22.678397 -4.321603
22.776149 61.776149 22.776149 -16.223851
22.873900 72.873900 22.873900 -27.126100
22.971652 54.971652 22.971652 -9.028348
23.069404 37.069404 23.069404 9.069404
23.167155 53.667155 23.167155 -7.332845
23.264907 55.264907 23.264907 -8.735093
23.362659 69.362659 23.362659 -22.637341
23.460411 54.460411 23.460411 -7.539589
23.558162 71.058162 23.558162 -23.941838
23.655914 36.655914 23.655914 10.655914
23.753666 33.753666 23.753666 13.753666
23.851417 46.351417 23.851417 1.351417
23.949169 67.949169 23.949169 -20.050831
24.046921 41.546921 24.046921 6.546921
24.144673 29.644673 24.144673 18.644673
24.242424 62.742424 24.242424 -14.257576
24.340176 69.340176 24.340176 -20.659824
24.437928 33.937928 24.437928 14.937928
24.535679 58.535679 24.535679 -9.464321
24.633431 50.633431 24.633431 -1.366569
24.731183 68.231183 24.731183 -18.768817
24.828935 39.828935 24.828935 9.828935
24.926686 40.426686 24.926686 9.426686
25.024438 36.524438 25.024438 13.524438
25.122190 32.122190 25.122190 18.122190
25.219941 73.219941 25.219941 -22.780059
25.317693 59.817693 25.317693 -9.182307
25.415445 65.915445 25.415445 -15.084555
25.513196 52.513196 25.513196 -1.486804
25.610948 67.110948 25.610948 -15.889052
25.708700 39.208700 25.708700 12.208700
25.806452 60.806452 25.806452 -9.193548
25.904203 68.904203 25.904203 -17.095797
26.001955 30.501955 26.001955 21.501955
26.099707 74.599707 26.099707 -22.400293
26.197458 61.697458 26.197458 -9.302542
26.295210 30.295210 26.295210 22.295210
26.392962 73.892962 26.392962 -21.107038
26.490714 74.990714 26.490714 -22.009286
26.588465 46.088465 26.588465 7.088465
26.686217 55.686217 26.686217 -2.313783
26.783969 67.783969 26.783969 -14.216031
26.881720 30.881720 26.881720 22.881720
26.979472 70.479472 26.979472 -16.520528
27.077224 36.577224 27.077224 17.577224
27.174976 69.174976 27.174976 -14.825024
27.272727 69.772727 27.272727 -15.227273
27.370479 52.870479 27.370479 1.870479
27.468231 53.968231 27.468231 0.968231
27.565982 46.065982 27.565982 9.065982
27.663734 74.163734 27.663734 -18.836266
27.761486 63.261486 27.761486 -7.738514
27.859238 77.859238 27.859238 -22.140762
27.956989 76.456989 27.956989 -20.543011
28.054741 33.054741 28.054741 23.054741
28.152493 47.152493 28.152493 9.152493
28.250244 55.250244 28.250244 1.250244
28.347996 32.847996 28.347996 23.847996
28.445748 63.945748 28.445748 -7.054252
28.543500 46.043500 28.543500 11.043500
28.641251 34.641251 28.641251 22.641251
28.739003 76.239003 28.739003 -18.760997
28.836755 39.336755 28.836755 18.336755
28.934506 29.434506 28.934506 28.434506
29.032258 72.532258 29.032258 -14.467742
29.130010 63.130010 29.130010 -4.869990
29.227761 38.227761 29.227761 20.227761
29.325513 38.325513 29.325513 20.325513
29.423265 74.423265 29.423265 -15.576735
29.521017 34.021017 29.521017 25.021017
29.618768 33.618768 29.618768 25.618768
29.716520 31.216520 29.716520 28.216520
29.814272 58.814272 29.814272 0.814272
29.912023 46.412023 29.912023 13.412023
30.009775 56.509775 30.009775 3.509775
30.107527 50.607527 30.107527 9.607527
30.205279 61.705279 30.205279 -1.294721
30.303030 62.303030 30.303030 -1.696970
30.400782 47.900782 30.400782 12.900782
30.498534 78.498534 30.498534 -17.501466
30.596285 47.596285 30.596285 13.596285
30.694037 64.694037 30.694037 -3.305963
30.791789 32.291789 30.791789 29.291789
30.889541 74.389541 30.889541 -12.610459
30.987292 47.987292 30.987292 13.987292
31.085044 77.585044 31.085044 -15.414956
31.182796 43.682796 31.182796 18.682796
31.280547 35.280547 31.280547 27.280547
31.378299 45.878299 31.378299 16.878299
31.476051 46.976051 31.476051 15.976051
31.573803 63.073803 31.573803 0.073803
31.671554 61.171554 31.671554 2.171554
31.769306 66.769306 31.769306 -3.230694
31.867058 39.367058 31.867058 24.367058
31.964809 49.464809 31.964809 14.464809
32.062561 63.562561 32.062561 0.562561
32.160313 75.160313 32.160313 -10.839687
32.258065 56.258065 32.258065 8.258065
32.355816 67.355816 32.355816 -2.644184
32.453568 37.453568 32.453568 27.453568
32.551320 35.551320 32.551320 29.551320
32.649071 74.149071 32.649071 -8.850929
32.746823 37.746823 32.746823 27.746823
32.844575 43.344575 32.844575 22.344575
32.942326 72.942326 32.942326 -7.057674
33.040078 67.540078 33.040078 -1.459922
33.137830 56.637830 33.137830 9.637830
33.235582 78.235582 33.235582 -11.764418
33.333333 53.833333 33.333333 12.833333
33.431085 66.431085 33.431085 0.431085
33.528837 81.528837 33.528837 -14.471163
33.626588 49.126588 33.626588 18.126588
33.724340 70.224340 33.724340 -2.775660
33.822092 71.822092 33.822092 -4.177908
33.919844 43.419844 33.919844 24.419844
34.017595 62.517595 34.017595 5.517595
34.115347 37.615347 34.115347 30.615347
34.213099 68.713099 34.213099 -0.286901
34.310850 67.810850 34.310850 0.810850
34.408602 41.408602 34.408602 27.408602
34.506354 79.506354 34.506354 -10.493646
34.604106 43.104106 34.604106 26.104106
34.701857 62.201857 34.701857 7.201857
34.799609 36.799609 34.799609 32.799609
34.897361 75.897361 34.897361 -6.102639
34.995112 64.995112 34.995112 4.995112
35.092864 55.592864 35.092864 14.592864
35.190616 67.690616 35.190616 2.690616
35.288368 53.788368 35.288368 16.788368
35.386119 85.386119 35.386119 -14.613881
35.483871 70.983871 35.483871 -0.016129
35.581623 45.581623 35.581623 25.581623
35.679374 77.179374 35.679374 -5.820626
35.777126 51.277126 35.777126 20.277126
35.874878 62.374878 35.874878 9.374878
35.972630 67.472630 35.972630 4.472630
36.070381 36.570381 36.070381 35.570381
36.168133 75.168133 36.168133 -2.831867
36.265885 47.265885 36.265885 25.265885
36.363636 46.863636 36.363636 25.863636
36.461388 76.461388 36.461388 -3.538612
36.559140 50.059140 36.559140 23.059140
36.656891 78.656891 36.656891 -5.343109
36.754643 86.754643 36.754643 -13.245357
36.852395 56.852395 36.852395 16.852395
36.950147 81.950147 36.950147 -8.049853
37.047898 64.047898 37.047898 10.047898
37.145650 41.645650 37.145650 32.645650
37.243402 58.243402 37.243402 16.243402
37.341153 38.341153 37.341153 36.341153
37.438905 82.938905 37.438905 -8.061095
37.536657 56.536657 37.536657 18.536657
37.634409 38.634409 37.634409 36.634409
37.732160 63.232160 37.732160 12.232160
37.829912 60.329912 37.829912 15.329912
37.927664 80.927664 37.927664 -5.072336
38.025415 63.525415 38.025415 12.525415
38.123167 44.123167 38.123167 32.123167
38.220919 78.220919 38.220919 -1.779081
38.318671 85.318671 38.318671 -8.681329
38.416422 81.416422 38.416422 -4.583578
38.514174 46.514174 38.514174 30.514174
38.611926 43.111926 38.611926 34.111926
38.709677 70.209677 38.709677 7.209677
38.807429 43.807429 38.807429 33.807429
38.905181 40.905181 38.905181 36.905181
39.002933 55.502933 39.002933 22.502933
39.100684 71.600684 39.100684 6.600684
39.198436 68.698436 39.198436 9.698436
39.296188 73.296188 39.296188 5.296188
39.393939 79.393939 39.393939 -0.606061
39.491691 58.991691 39.491691 19.991691
39.589443 43.589443 39.589443 35.589443
39.687195 61.687195 39.687195 17.687195
39.784946 79.284946 39.784946 0.284946
39.882698 55.382698 39.882698 24.382698
39.980450 76.980450 39.980450 2.980450
40.078201 45.578201 40.078201 34.578201
40.175953 49.175953 40.175953 31.175953
40.273705 86.773705 40.273705 -6.226295
40.371457 79.871457 40.371457 0.871457
40.469208 79.469208 40.469208 1.469208
40.566960 84.566960 40.566960 -3.433040
40.664712 86.164712 40.664712 -4.835288
40.762463 87.762463 40.762463 -6.237537
40.860215 61.360215 40.860215 20.360215
40.957967 55.457967 40.957967 26.457967
41.055718 79.555718 41.055718 2.555718
41.153470 88.653470 41.153470 -6.346530
41.251222 55.251222 41.251222 27.251222
41.348974 60.348974 41.348974 22.348974
41.446725 55.446725 41.446725 27.446725
41.544477 65.544477 41.544477 17.544477
41.642229 90.142229 41.642229 -6.857771
41.739980 47.239980 41.739980 36.239980
41.837732 69.337732 41.837732 14.337732
41.935484 57.435484 41.935484 26.435484
42.033236 50.033236 42.033236 34.033236
42.130987 63.630987 42.130987 20.630987
42.228739 58.728739 42.228739 25.728739
42.326491 70.326491 42.326491 14.326491
42.424242 51.924242 42.424242 32.924242
42.521994 53.521994 42.521994 31.521994
42.619746 71.119746 42.619746 14.119746
42.717498 88.217498 42.717498 -2.782502
42.815249 77.815249 42.815249 7.815249
42.913001 87.413001 42.913001 -1.586999
43.010753 80.510753 43.010753 5.510753
43.108504 65.608504 43.108504 20.608504
43.206256 49.206256 43.206256 37.206256
43.304008 90.304008 43.304008 -3.695992
43.401760 73.401760 43.401760 13.401760
43.499511 60.499511 43.499511 26.499511
43.597263 58.597263 43.597263 28.597263
43.695015 69.195015 43.695015 18.195015
43.792766 86.292766 43.792766 1.292766
43.890518 91.390518 43.890518 -3.609482
43.988270 86.488270 43.988270 1.488270
44.086022 71.586022 44.086022 16.586022
44.183773 70.683773 44.183773 17.683773
44.281525 70.781525 44.281525 17.781525
44.379277 75.879277 44.379277 12.879277
44.477028 58.477028 44.477028 30.477028
44.574780 71.074780 44.574780 18.074780
44.672532 61.672532 44.672532 27.672532
44.770283 58.770283 44.770283 30.770283
44.868035 63.868035 44.868035 25.868035
44.965787 94.465787 44.965787 -4.534213
45.063539 83.063539 45.063539 7.063539
45.161290 67.661290 45.161290 22.661290
45.259042 87.759042 45.259042 2.759042
45.356794 70.856794 45.356794 19.856794
45.454545 73.454545 45.454545 17.454545
45.552297 83.052297 45.552297 8.052297
45.650049 59.650049 45.650049 31.650049
45.747801 65.247801 45.747801 26.247801
45.845552 83.845552 45.845552 7.845552
45.943304 70.943304 45.943304 20.943304
46.041056 79.541056 46.041056 12.541056
46.138807 91.638807 46.138807 0.638807
46.236559 63.236559 46.236559 29.236559
46.334311 61.334311 46.334311 31.334311
46.432063 77.432063 46.432063 15.432063
46.529814 56.029814 46.529814 37.029814
46.627566 57.627566 46.627566 35.627566
46.725318 87.225318 46.725318 6.225318
46.823069 52.323069 46.823069 41.323069
46.920821 80.920821 46.920821 12.920821
47.018573 57.018573 47.018573 37.018573
47.116325 66.116325 47.116325 28.116325
47.214076 74.214076 47.214076 20.214076
47.311828 60.311828 47.311828 34.311828
47.409580 83.409580 47.409580 11.409580
47.507331 64.007331 47.507331 31.007331
47.605083 49.605083 47.605083 45.605083
47.702835 88.702835 47.702835 6.702835
47.800587 50.300587 47.800587 45.300587
47.898338 62.898338 47.898338 32.898338
47.996090 63.496090 47.996090 32.496090
48.093842 75.093842 48.093842 21.093842
48.191593 54.691593 48.191593 41.691593
48.289345 88.289345 48.289345 8.289345
48.387097 73.887097 48.387097 22.887097
48.484848 59.984848 48.484848 36.984848
48.582600 90.582600 48.582600 6.582600
48.680352 54.680352 48.680352 42.680352
48.778104 98.778104 48.778104 -1.221896
48.875855 86.875855 48.875855 10.875855
48.973607 74.973607 48.973607 22.973607
49.071359 73.071359 49.071359 25.071359
49.169110 63.169110 49.169110 35.169110
49.266862 97.766862 49.266862 0.766862
49.364614 65.364614 49.364614 33.364614
49.462366 72.462366 49.462366 26.462366
49.560117 76.560117 49.560117 22.560117
49.657869 89.157869 49.657869 10.157869
49.755621 70.755621 49.755621 28.755621
49.853372 95.353372 49.853372 4.353372
49.951124 56.451124 49.951124 43.451124
50.048876 94.048876 50.048876 6.048876
50.146628 83.146628 50.146628 17.146628
50.244379 72.244379 50.244379 28.244379
50.342131 57.342131 50.342131 43.342131
50.439883 51.439883 50.439883 49.439883
50.537634 69.037634 50.537634 32.037634
50.635386 51.635386 50.635386 49.635386
50.733138 74.733138 50.733138 26.733138
50.830890 57.830890 50.830890 43.830890
50.928641 93.428641 50.928641 8.428641
51.026393 99.026393 51.026393 3.026393
51.124145 61.124145 51.124145 41.124145
51.221896 88.221896 51.221896 14.221896
51.319648 54.319648 51.319648 48.319648
51.417400 77.417400 51.417400 25.417400
51.515152 57.515152 51.515152 45.515152
51.612903 84.112903 51.612903 19.112903
51.710655 60.210655 51.710655 43.210655
51.808407 55.308407 51.808407 48.308407
51.906158 79.906158 51.906158 23.906158
52.003910 59.503910 52.003910 44.503910
52.101662 70.601662 52.101662 33.601662
52.199413 62.699413 52.199413 41.699413
52.297165 52.797165 52.297165 51.797165
52.394917 93.394917 52.394917 11.394917
52.492669 97.992669 52.492669 6.992669
52.590420 75.090420 52.590420 30.090420
52.688172 71.188172 52.688172 34.188172
52.785924 71.285924 52.785924 34.285924
52.883675 67.383675 52.883675 38.383675
52.981427 94.981427 52.981427 10.981427
53.079179 102.079179 53.079179 4.079179
53.176931 64.176931 53.176931 42.176931
53.274682 86.774682 53.274682 19.774682
53.372434 75.872434 53.372434 30.872434
53.470186 74.470186 53.470186 32.470186
53.567937 96.067937 53.567937 11.067937
53.665689 79.165689 53.665689 28.165689
53.763441 65.263441 53.763441 42.263441
53.861193 89.861193 53.861193 17.861193
53.958944 75.958944 53.958944 31.958944
54.056696 75.056696 54.056696 33.056696
54.154448 101.154448 54.154448 7.154448
54.252199 61.752199 54.252199 46.752199
54.349951 55.349951 54.349951 53.349951
54.447703 75.947703 54.447703 32.947703
54.545455 102.045455 54.545455 7.045455
54.643206 91.643206 54.643206 17.643206
54.740958 70.740958 54.740958 38.740958
54.838710 62.838710 54.838710 46.838710
54.936461 104.436461 54.936461 5.436461
55.034213 98.034213 55.034213 12.034213
55.131965 89.131965 55.131965 21.131965
55.229717 68.729717 55.229717 41.729717
55.327468 100.827468 55.327468 9.827468
55.425220 68.925220 55.425220 41.925220
55.522972 98.522972 55.522972 12.522972
55.620723 76.620723 55.620723 34.620723
55.718475 60.218475 55.718475 51.218475
55.816227 102.816227 55.816227 8.816227
55.913978 97.413978 55.913978 14.413978
56.011730 103.011730 56.011730 9.011730
56.109482 88.109482 56.109482 24.109482
56.207234 105.707234 56.207234 6.707234
56.304985 87.804985 56.304985 24.804985
56.402737 77.902737 56.402737 34.902737
56.500489 70.500489 56.500489 42.500489
56.598240 98.098240 56.598240 15.098240
56.695992 103.195992 56.695992 10.195992
56.793744 104.793744 56.793744 8.793744
56.891496 65.391496 56.891496 48.391496
56.989247 66.489247 56.989247 47.489247
57.086999 104.586999 57.086999 9.586999
57.184751 89.184751 57.184751 25.184751
57.282502 84.782502 57.282502 29.782502
57.380254 89.880254 57.380254 24.880254
57.478006 107.478006 57.478006 7.478006
57.575758 98.575758 57.575758 16.575758
57.673509 103.673509 57.673509 11.673509
57.771261 85.771261 57.771261 29.771261
57.869013 73.869013 57.869013 41.869013
57.966764 80.466764 57.966764 35.466764
58.064516 71.564516 58.064516 44.564516
58.162268 65.662268 58.162268 50.662268
58.260020 96.760020 58.260020 19.760020
58.357771 88.857771 58.357771 27.857771
58.455523 69.455523 58.455523 47.455523
58.553275 82.053275 58.553275 35.053275
58.651026 98.651026 58.651026 18.651026
58.748778 88.248778 58.748778 29.248778
58.846530 104.846530 58.846530 12.846530
58.944282 96.944282 58.944282 20.944282
59.042033 99.542033 59.042033 18.542033
59.139785 95.639785 59.139785 22.639785
59.237537 101.737537 59.237537 16.737537
59.335288 90.335288 59.335288 28.335288
59.433040 90.433040 59.433040 28.433040
59.530792 60.030792 59.530792 59.030792
59.628543 88.128543 59.628543 31.128543
59.726295 102.726295 59.726295 16.726295
59.824047 82.824047 59.824047 36.824047
59.921799 76.921799 59.921799 42.921799
60.019550 64.519550 60.019550 55.519550
60.117302 105.117302 60.117302 15.117302
60.215054 82.715054 60.215054 37.715054
60.312805 105.312805 60.312805 15.312805
60.410557 86.910557 60.410557 33.910557
60.508309 83.508309 60.508309 37.508309
60.606061 61.606061 60.606061 59.606061
60.703812 74.203812 60.703812 47.203812
60.801564 100.801564 60.801564 20.801564
60.899316 71.399316 60.899316 50.399316
60.997067 93.497067 60.997067 28.497067
61.094819 96.094819 61.094819 26.094819
61.192571 66.192571 61.192571 56.192571
61.290323 98.290323 61.290323 24.290323
61.388074 110.388074 61.388074 12.388074
61.485826 99.485826 61.485826 23.485826
61.583578 72.083578 61.583578 51.083578
61.681329 70.681329 61.681329 52.681329
61.779081 107.779081 61.779081 15.779081
61.876833 75.376833 61.876833 48.376833
61.974585 71.474585 61.974585 52.474585
62.072336 84.072336 62.072336 40.072336
62.170088 108.170088 62.170088 16.170088
62.267840 72.267840 62.267840 52.267840
62.365591 97.865591 62.365591 26.865591
62.463343 100.963343 62.463343 23.963343
62.561095 76.561095 62.561095 48.561095
62.658847 77.658847 62.658847 47.658847
62.756598 111.256598 62.756598 14.256598
62.854350 73.854350 62.854350 51.854350
62.952102 82.452102 62.952102 43.452102
63.049853 96.549853 63.049853 29.549853
63.147605 82.147605 63.147605 44.147605
63.245357 97.745357 63.245357 28.745357
63.343109 112.343109 63.343109 14.343109
63.440860 96.940860 63.440860 29.940860
63.538612 98.538612 63.538612 28.538612
63.636364 76.136364 63.636364 51.136364
63.734115 107.734115 63.734115 19.734115
63.831867 102.831867 63.831867 24.831867
63.929619 71.429619 63.929619 56.429619
64.027370 77.027370 64.027370 51.027370
64.125122 92.125122 64.125122 36.125122
64.222874 89.722874 64.222874 38.722874
64.320626 113.320626 64.320626 15.320626
64.418377 103.418377 64.418377 25.418377
64.516129 77.016129 64.516129 52.016129
64.613881 69.113881 64.613881 60.113881
64.711632 105.211632 64.711632 24.211632
64.809384 100.309384 64.809384 29.309384
64.907136 111.407136 64.907136 18.407136
65.004888 85.504888 65.004888 44.504888
65.102639 78.102639 65.102639 52.102639
65.200391 102.200391 65.200391 28.200391
65.298143 85.798143 65.298143 44.798143
65.395894 92.395894 65.395894 38.395894
65.493646 73.493646 65.493646 57.493646
65.591398 114.091398 65.591398 17.091398
65.689150 94.189150 65.689150 37.189150
65.786901 72.786901 65.786901 58.786901
65.884653 92.884653 65.884653 38.884653
65.982405 77.982405 65.982405 53.982405
66.080156 109.580156 66.080156 22.580156
66.177908 112.177908 66.177908 20.177908
66.275660 95.775660 66.275660 36.775660
66.373412 83.873412 66.373412 48.873412
66.471163 116.471163 66.471163 16.471163
66.568915 101.068915 66.568915 32.068915
66.666667 75.666667 66.666667 57.666667
66.764418 78.764418 66.764418 54.764418
66.862170 103.862170 66.862170 29.862170
66.959922 94.959922 66.959922 38.959922
67.057674 69.057674 67.057674 65.057674
67.155425 95.155425 67.155425 39.155425
67.253177 116.253177 67.253177 18.253177
67.350929 102.850929 67.350929 31.850929
67.448680 115.948680 67.448680 18.948680
67.546432 112.546432 67.546432 22.546432
67.644184 97.144184 67.644184 38.144184
67.741935 103.741935 67.741935 31.741935
67.839687 110.339687 67.839687 25.339687
67.937439 102.437439 67.937439 33.437439
68.035191 76.535191 68.035191 59.535191
68.132942 75.632942 68.132942 60.632942
68.230694 85.730694 68.230694 50.730694
68.328446 109.328446 68.328446 27.328446
68.426197 68.926197 68.426197 67.926197
68.523949 80.523949 68.523949 56.523949
68.621701 70.621701 68.621701 66.621701
68.719453 102.719453 68.719453 34.719453
68.817204 111.817204 68.817204 25.817204
68.914956 107.414956 68.914956 30.414956
69.012708 98.012708 69.012708 40.012708
69.110459 82.610459 69.110459 55.610459
69.208211 115.208211 69.208211 23.208211
69.305963 111.305963 69.305963 27.305963
69.403715 116.403715 69.403715 22.403715
69.501466 114.001466 69.501466 25.001466
69.599218 108.099218 69.599218 31.099218
69.696970 100.196970 69.696970 39.196970
69.794721 107.294721 69.794721 32.294721
69.892473 84.892473 69.892473 54.892473
69.990225 106.490225 69.990225 33.490225
70.087977 115.587977 70.087977 24.587977
70.185728 72.685728 70.185728 67.685728
70.283480 87.783480 70.283480 52.783480
70.381232 82.381232 70.381232 58.381232
70.478983 74.478983 70.478983 66.478983
70.576735 93.076735 70.576735 48.076735
70.674487 74.674487 70.674487 66.674487
70.772239 116.272239 70.772239 25.272239
70.869990 93.869990 70.869990 47.869990
70.967742 97.467742 70.967742 44.467742
71.065494 120.065494 71.065494 22.065494
71.163245 111.163245 71.163245 31.163245
71.260997 97.760997 71.260997 44.760997
71.358749 87.358749 71.358749 55.358749
71.456500 113.456500 71.456500 29.456500
71.554252 75.054252 71.554252 68.054252
71.652004 82.152004 71.652004 61.152004
71.749756 86.249756 71.749756 57.249756
71.847507 108.847507 71.847507 34.847507
71.945259 100.945259 71.945259 42.945259
72.043011 103.543011 72.043011 40.543011
72.140762 85.140762 72.140762 59.140762
72.238514 80.738514 72.238514 63.738514
72.336266 84.336266 72.336266 60.336266
72.434018 77.434018 72.434018 67.434018
72.531769 115.531769 72.531769 29.531769
72.629521 116.629521 72.629521 28.629521
72.727273 107.727273 72.727273 37.727273
72.825024 84.825024 72.825024 60.825024
72.922776 103.922776 72.922776 41.922776
73.020528 89.020528 73.020528 57.020528
73.118280 96.118280 73.118280 50.118280
73.216031 81.716031 73.216031 64.716031
73.313783 84.813783 73.313783 61.813783
73.411535 75.911535 73.411535 70.911535
73.509286 88.509286 73.509286 58.509286
73.607038 97.607038 73.607038 49.607038
73.704790 91.204790 73.704790 56.204790
73.802542 115.302542 73.802542 32.302542
73.900293 81.400293 73.900293 66.400293
73.998045 78.498045 73.998045 69.498045
74.095797 119.595797 74.095797 28.595797
74.193548 119.693548 74.193548 28.693548
74.291300 86.291300 74.291300 62.291300
74.389052 99.889052 74.389052 48.889052
74.486804 102.486804 74.486804 46.486804
74.584555 106.584555 74.584555 42.584555
74.682307 103.682307 74.682307 45.682307
74.780059 101.780059 74.780059 47.780059
74.877810 120.877810 74.877810 28.877810
74.975562 75.975562 74.975562 73.975562
75.073314 85.573314 75.073314 64.573314
75.171065 104.671065 75.171065 45.671065
75.268817 112.768817 75.268817 37.768817
75.366569 101.866569 75.366569 48.866569
75.464321 123.464321 75.464321 27.464321
75.562072 125.062072 75.562072 26.062072
75.659824 115.659824 75.659824 35.659824
75.757576 112.257576 75.757576 39.257576
75.855327 83.855327 75.855327 67.855327
75.953079 118.453079 75.953079 33.453079
76.050831 79.050831 76.050831 73.050831
76.148583 108.648583 76.148583 43.648583
76.246334 98.746334 76.246334 53.746334
76.344086 77.344086 76.344086 75.344086
76.441838 83.941838 76.441838 68.941838
76.539589 107.539589 76.539589 45.539589
76.637341 123.637341 76.637341 29.637341
76.735093 108.735093 76.735093 44.735093
76.832845 122.832845 76.832845 30.832845
76.930596 114.430596 76.930596 39.430596
77.028348 96.028348 77.028348 58.028348
77.126100 95.626100 77.126100 58.626100
77.223851 123.723851 77.223851 30.723851
77.321603 97.821603 77.321603 56.821603
77.419355 78.419355 77.419355 76.419355
77.517107 82.017107 77.517107 73.017107
77.614858 113.114858 77.614858 42.114858
77.712610 122.712610 77.712610 32.712610
77.810362 119.310362 77.810362 36.310362
77.908113 102.408113 77.908113 53.408113
78.005865 92.005865 78.005865 64.005865
78.103617 101.603617 78.103617 54.603617
78.201369 113.701369 78.201369 42.701369
78.299120 116.799120 78.299120 39.799120
78.396872 128.396872 78.396872 28.396872
78.494624 114.494624 78.494624 42.494624
78.592375 101.592375 78.592375 55.592375
78.690127 104.690127 78.690127 52.690127
78.787879 96.787879 78.787879 60.787879
78.885630 103.385630 78.885630 54.385630
78.983382 114.983382 78.983382 42.983382
79.081134 120.081134 79.081134 38.081134
79.178886 116.178886 79.178886 42.178886
79.276637 126.776637 79.276637 31.776637
79.374389 97.374389 79.374389 61.374389
79.472141 112.972141 79.472141 45.972141
79.569892 124.069892 79.569892 35.069892
79.667644 114.167644 79.667644 45.167644
79.765396 118.265396 79.765396 41.265396
79.863148 107.863148 79.863148 51.863148
79.960899 83.460899 79.960899 76.460899
80.058651 109.058651 80.058651 51.058651
80.156403 90.156403 80.156403 70.156403
80.254154 106.254154 80.254154 54.254154
80.351906 128.351906 80.351906 32.351906
80.449658 86.449658 80.449658 74.449658
80.547410 129.047410 80.547410 32.047410
80.645161 124.145161 80.645161 37.145161
80.742913 83.742913 80.742913 77.742913
80.840665 121.840665 80.840665 39.840665
80.938416 94.938416 80.938416 66.938416
81.036168 82.036168 81.036168 80.036168
81.133920 99.133920 81.133920 63.133920
81.231672 113.231672 81.231672 49.231672
81.329423 99.829423 81.329423 62.829423
81.427175 107.427175 81.427175 55.427175
81.524927 131.524927 81.524927 31.524927
81.622678 117.622678 81.622678 45.622678
81.720430 125.720430 81.720430 37.720430
81.818182 103.318182 81.818182 60.318182
81.915934 105.415934 81.915934 58.415934
82.013685 89.013685 82.013685 75.013685
82.111437 87.111437 82.111437 77.111437
82.209189 106.709189 82.209189 57.709189
82.306940 129.306940 82.306940 35.306940
82.404692 104.904692 82.404692 59.904692
82.502444 98.502444 82.502444 66.502444
82.600196 95.100196 82.600196 70.100196
82.697947 130.197947 82.697947 35.197947
82.795699 100.295699 82.795699 65.295699
82.893451 126.393451 82.893451 39.393451
82.991202 129.991202 82.991202 35.991202
83.088954 100.088954 83.088954 66.088954
83.186706 97.186706 83.186706 69.186706
83.284457 109.784457 83.284457 56.784457
83.382209 113.382209 83.382209 53.382209
83.479961 111.979961 83.479961 54.979961
83.577713 90.077713 83.577713 77.077713
83.675464 112.175464 83.675464 55.175464
83.773216 107.773216 83.773216 59.773216
83.870968 97.370968 83.870968 70.370968
83.968719 133.468719 83.968719 34.468719
84.066471 95.066471 84.066471 73.066471
84.164223 96.664223 84.164223 71.664223
84.261975 132.261975 84.261975 36.261975
84.359726 121.859726 84.359726 46.859726
84.457478 110.457478 84.457478 58.457478
84.555230 107.555230 84.555230 61.555230
84.652981 100.152981 84.652981 69.152981
84.750733 120.750733 84.750733 48.750733
84.848485 130.348485 84.848485 39.348485
84.946237 107.446237 84.946237 62.446237
85.043988 124.043988 85.043988 46.043988
85.141740 113.641740 85.141740 56.641740
85.239492 90.739492 85.239492 79.739492
85.337243 105.837243 85.337243 64.837243
85.434995 102.434995 85.434995 68.434995
85.532747 98.532747 85.532747 72.532747
85.630499 109.130499 85.630499 62.130499
85.728250 114.728250 85.728250 56.728250
85.826002 128.826002 85.826002 42.826002
85.923754 87.423754 85.923754 84.423754
86.021505 123.021505 86.021505 49.021505
86.119257 98.119257 86.119257 74.119257
86.217009 125.717009 86.217009 46.717009
86.314761 120.314761 86.314761 52.314761
86.412512 94.912512 86.412512 77.912512
86.510264 99.510264 86.510264 73.510264
86.608016 135.608016 86.608016 37.608016
86.705767 125.705767 86.705767 47.705767
86.803519 129.303519 86.803519 44.303519
86.901271 105.401271 86.901271 68.401271
86.999022 120.999022 86.999022 52.999022
87.096774 109.096774 87.096774 65.096774
87.194526 120.194526 87.194526 54.194526
87.292278 121.292278 87.292278 53.292278
87.390029 134.890029 87.390029 39.890029
87.487781 112.987781 87.487781 61.987781
87.585533 110.085533 87.585533 65.085533
87.683284 92.683284 87.683284 82.683284
87.781036 110.281036 87.781036 65.281036
87.878788 128.878788 87.878788 46.878788
87.976540 108.976540 87.976540 66.976540
88.074291 118.574291 88.074291 57.574291
88.172043 92.672043 88.172043 83.672043
88.269795 94.269795 88.269795 82.269795
88.367546 138.367546 88.367546 38.367546
88.465298 121.465298 88.465298 55.465298
88.563050 120.563050 88.563050 56.563050
88.660802 132.160802 88.660802 45.160802
88.758553 102.758553 88.758553 74.758553
88.856305 122.356305 88.856305 55.356305
88.954057 92.954057 88.954057 84.954057
89.051808 92.051808 89.051808 86.051808
89.149560 132.649560 89.149560 45.649560
89.247312 133.747312 89.247312 44.747312
89.345064 138.845064 89.345064 39.845064
89.442815 134.442815 89.442815 44.442815
89.540567 96.040567 89.540567 83.040567
89.638319 97.638319 89.638319 81.638319
89.736070 130.736070 89.736070 48.736070
89.833822 116.333822 89.833822 63.333822
89.931574 129.931574 89.931574 49.931574
90.029326 120.529326 90.029326 59.529326
90.127077 128.627077 90.127077 51.627077
90.224829 137.724829 90.224829 42.724829
90.322581 123.822581 90.322581 56.822581
90.420332 127.420332 90.420332 53.420332
90.518084 103.518084 90.518084 77.518084
90.615836 95.615836 90.615836 85.615836
90.713587 129.713587 90.713587 51.713587
90.811339 126.311339 90.811339 55.311339
90.909091 126.409091 90.909091 55.409091
91.006843 102.506843 91.006843 79.506843
91.104594 137.104594 91.104594 45.104594
91.202346 114.702346 91.202346 67.702346
91.300098 119.800098 91.300098 62.800098
91.397849 123.397849 91.397849 59.397849
91.495601 125.995601 91.495601 56.995601
91.593353 95.593353 91.593353 87.593353
91.691105 140.691105 91.691105 42.691105
91.788856 95.288856 91.788856 88.288856
91.886608 106.386608 91.886608 77.386608
91.984360 115.484360 91.984360 68.484360
92.082111 133.082111 92.082111 51.082111
92.179863 101.179863 92.179863 83.179863
92.277615 93.777615 92.277615 90.777615
92.375367 139.875367 92.375367 44.875367
92.473118 111.973118 92.473118 72.973118
92.570870 99.570870 92.570870 85.570870
92.668622 134.168622 92.668622 51.168622
92.766373 135.766373 92.766373 49.766373
92.864125 131.364125 92.864125 54.364125
92.961877 137.461877 92.961877 48.461877
93.059629 128.059629 93.059629 58.059629
93.157380 126.157380 93.157380 60.157380
93.255132 115.255132 93.255132 71.255132
93.352884 118.352884 93.352884 68.352884
93.450635 117.450635 93.450635 69.450635
93.548387 123.048387 93.548387 64.048387
93.646139 130.146139 93.646139 57.146139
93.743891 120.243891 93.743891 67.243891
93.841642 109.341642 93.841642 78.341642
93.939394 114.439394 93.939394 73.439394
94.037146 111.037146 94.037146 77.037146
94.134897 107.634897 94.134897 80.634897
94.232649 116.232649 94.232649 72.232649
94.330401 99.830401 94.330401 88.830401
94.428152 101.928152 94.428152 86.928152
94.525904 138.025904 94.525904 51.025904
94.623656 123.123656 94.623656 66.123656
94.721408 100.221408 94.721408 89.221408
94.819159 126.819159 94.819159 62.819159
94.916911 119.416911 94.916911 70.416911
95.014663 138.014663 95.014663 52.014663
95.112414 141.612414 95.112414 48.612414
95.210166 111.710166 95.210166 78.710166
95.307918 143.307918 95.307918 47.307918
95.405670 132.405670 95.405670 58.405670
95.503421 100.003421 95.503421 91.003421
95.601173 114.101173 95.601173 77.101173
95.698925 117.198925 95.698925 74.198925
95.796676 145.296676 95.796676 46.296676
95.894428 135.394428 95.894428 56.394428
95.992180 123.992180 95.992180 67.992180
96.089932 128.089932 96.089932 64.089932
96.187683 101.187683 96.187683 91.187683
96.285435 130.285435 96.285435 62.285435
96.383187 98.383187 96.383187 94.383187
96.480938 124.480938 96.480938 68.480938
96.578690 146.578690 96.578690 46.578690
96.676442 110.176442 96.676442 83.176442
96.774194 113.274194 96.774194 80.274194
96.871945 146.871945 96.871945 46.871945
96.969697 130.469697 96.969697 63.469697
97.067449 108.067449 97.067449 86.067449
97.165200 125.665200 97.165200 68.665200
97.262952 115.262952 97.262952 79.262952
97.360704 99.860704 97.360704 94.860704
97.458456 142.958456 97.458456 51.958456
97.556207 110.056207 97.556207 85.056207
97.653959 99.653959 97.653959 95.653959
97.751711 104.751711 97.751711 90.751711
97.849462 110.849462 97.849462 84.849462
97.947214 117.447214 97.947214 78.447214
98.044966 145.044966 98.044966 51.044966
98.142717 100.142717 98.142717 96.142717
98.240469 117.240469 98.240469 79.240469
98.338221 107.338221 98.338221 89.338221
98.435973 100.435973 98.435973 96.435973
98.533724 142.533724 98.533724 54.533724
98.631476 147.631476 98.631476 49.631476
98.729228 128.229228 98.729228 69.229228
98.826979 117.326979 98.826979 80.326979
98.924731 144.924731 98.924731 52.924731
99.022483 131.022483 99.022483 67.022483
99.120235 123.120235 99.120235 75.120235
99.217986 144.217986 99.217986 54.217986
99.315738 108.315738 99.315738 90.315738
99.413490 139.913490 99.413490 58.913490
99.511241 145.511241 99.511241 53.511241
99.608993 139.608993 99.608993 59.608993
99.706745 140.706745 99.706745 58.706745
99.804497 130.304497 99.804497 69.304497
99.902248 145.402248 99.902248 54.402248
100.000000 101.500000 100.000000 98.500000