0.000000 18.500000 0.000000 -18.500000
0.787402 17.287402 0.787402 -15.712598
1.574803 49.574803 1.574803 -46.425197
2.362205 7.362205 2.362205 -2.637795
3.149606 41.149606 3.149606 -34.850394
3.937008 22.937008 3.937008 -15.062992
4.724409 9.224409 4.724409 0.224409
5.511811 54.511811 5.511811 -43.488189
6.299213 40.299213 6.299213 -27.700787
7.086614 48.586614 7.086614 -34.413386
7.874016 56.374016 7.874016 -40.625984
8.661417 40.661417 8.661417 -23.338583
9.448819 10.948819 9.448819 7.948819
10.236220 35.236220 10.236220 -14.763780
11.023622 20.523622 11.023622 1.523622
11.811024 42.811024 11.811024 -19.188976
12.598425 31.598425 12.598425 -6.401575
13.385827 45.385827 13.385827 -18.614173
14.173228 56.673228 14.173228 -28.326772
14.960630 52.960630 14.960630 -23.039370
15.748031 34.748031 15.748031 -3.251969
16.535433 51.035433 16.535433 -17.964567
17.322835 20.322835 17.322835 14.322835
18.110236 58.610236 18.110236 -22.389764
18.897638 55.397638 18.897638 -17.602362
19.685039 21.685039 19.685039 17.685039
20.472441 45.972441 20.472441 -5.027559
21.259843 67.759843 21.259843 -25.240157
22.047244 34.547244 22.047244 9.547244
22.834646 69.334646 22.834646 -23.665354
23.622047 31.622047 23.622047 15.622047
24.409449 35.909449 24.409449 12.909449
25.196850 67.196850 25.196850 -16.803150
25.984252 65.484252 25.984252 -13.515748
26.771654 61.771654 26.771654 -8.228346
27.559055 70.059055 27.559055 -14.940945
28.346457 34.846457 28.346457 21.846457
29.133858 37.633858 29.133858 20.633858
29.921260 40.421260 29.921260 19.421260
30.708661 57.708661 30.708661 3.708661
31.496063 75.496063 31.496063 -12.503937
32.283465 61.783465 32.283465 2.783465
33.070866 49.570866 33.070866 16.570866
33.858268 68.358268 33.858268 -0.641732
34.645669 38.645669 34.645669 30.645669
35.433071 49.933071 35.433071 20.933071
36.220472 66.220472 36.220472 6.220472
37.007874 46.007874 37.007874 28.007874
37.795276 48.795276 37.795276 26.795276
38.582677 83.582677 38.582677 -6.417323
39.370079 83.370079 39.370079 -4.629921
40.157480 49.657480 40.157480 30.657480
40.944882 56.444882 40.944882 25.444882
41.732283 59.232283 41.732283 24.232283
42.519685 51.519685 42.519685 33.519685
43.307087 52.307087 43.307087 34.307087
44.094488 83.594488 44.094488 4.594488
44.881890 78.881890 44.881890 10.881890
45.669291 72.669291 45.669291 18.669291
46.456693 77.956693 46.456693 14.956693
47.244094 60.744094 47.244094 33.744094
48.031496 64.031496 48.031496 32.031496
48.818898 91.818898 48.818898 5.818898
49.606299 52.606299 49.606299 46.606299
50.393701 67.393701 50.393701 33.393701
51.181102 98.681102 51.181102 3.681102
51.968504 58.968504 51.968504 44.968504
52.755906 90.755906 52.755906 14.755906
53.543307 57.043307 53.543307 50.043307
54.330709 101.830709 54.330709 6.830709
55.118110 88.118110 55.118110 22.118110
55.905512 61.405512 55.905512 50.405512
56.692913 77.192913 56.692913 36.192913
57.480315 86.480315 57.480315 28.480315
58.267717 90.267717 58.267717 26.267717
59.055118 72.555118 59.055118 45.555118
59.842520 97.342520 59.842520 22.342520
60.629921 79.629921 60.629921 41.629921
61.417323 100.417323 61.417323 22.417323
62.204724 99.704724 62.204724 24.704724
62.992126 110.492126 62.992126 15.492126
63.779528 68.779528 63.779528 58.779528
64.566929 80.566929 64.566929 48.566929
65.354331 65.854331 65.354331 64.854331
66.141732 91.141732 66.141732 41.141732
66.929134 115.429134 66.929134 18.429134
67.716535 69.216535 67.716535 66.216535
68.503937 93.503937 68.503937 43.503937
69.291339 90.291339 69.291339 48.291339
70.078740 111.578740 70.078740 28.578740
70.866142 106.866142 70.866142 34.866142
71.653543 74.153543 71.653543 69.153543
72.440945 110.940945 72.440945 33.940945
73.228346 82.728346 73.228346 63.728346
74.015748 104.015748 74.015748 44.015748
74.803150 104.803150 74.803150 44.803150
75.590551 118.090551 75.590551 33.090551
76.377953 119.377953 76.377953 33.377953
77.165354 85.165354 77.165354 69.165354
77.952756 114.952756 77.952756 40.952756
78.740157 122.240157 78.740157 35.240157
79.527559 127.027559 79.527559 32.027559
80.314961 99.814961 80.314961 60.814961
81.102362 86.102362 81.102362 76.102362
81.889764 91.889764 81.889764 71.889764
82.677165 101.177165 82.677165 64.177165
83.464567 129.964567 83.464567 36.964567
84.251969 106.251969 84.251969 62.251969
85.039370 104.039370 85.039370 66.039370
85.826772 109.826772 85.826772 61.826772
86.614173 91.114173 86.614173 82.114173
87.401575 111.401575 87.401575 63.401575
88.188976 127.188976 88.188976 49.188976
88.976378 96.476378 88.976378 81.476378
89.763780 105.263780 89.763780 74.263780
90.551181 140.051181 90.551181 41.051181
91.338583 111.338583 91.338583 71.338583
92.125984 125.625984 92.125984 58.625984
92.913386 131.913386 92.913386 53.913386
93.700787 124.700787 93.700787 62.700787
94.488189 103.488189 94.488189 85.488189
95.275591 96.275591 95.275591 94.275591
96.062992 106.062992 96.062992 86.062992
96.850394 124.350394 96.850394 69.350394
97.637795 113.637795 97.637795 81.637795
98.425197 108.925197 98.425197 87.925197
99.212598 124.212598 99.212598 74.212598
100.000000 130.500000 100.000000 69.500000