0.000000 17.500000 0.000000 -17.500000
1.587302 2.087302 1.587302 1.087302
3.174603 37.674603 3.174603 -31.325397
4.761905 22.761905 4.761905 -13.238095
6.349206 55.849206 6.349206 -43.150794
7.936508 48.936508 7.936508 -33.063492
9.523810 31.523810 9.523810 -12.476190
11.111111 40.111111 11.111111 -17.888889
12.698413 61.698413 12.698413 -36.301587
14.285714 61.285714 14.285714 -32.714286
15.873016 42.873016 15.873016 -11.126984
17.460317 63.460317 17.460317 -28.539683
19.047619 57.547619 19.047619 -19.452381
20.634921 69.634921 20.634921 -28.365079
22.222222 43.222222 22.222222 1.222222
23.809524 33.309524 23.809524 14.309524
25.396825 69.896825 25.396825 -19.103175
26.984127 75.984127 26.984127 -22.015873
28.571429 71.571429 28.571429 -14.428571
30.158730 32.658730 30.158730 27.658730
31.746032 42.246032 31.746032 21.246032
33.333333 75.333333 33.333333 -8.666667
34.920635 51.420635 34.920635 18.420635
36.507937 81.007937 36.507937 -7.992063
38.095238 45.095238 38.095238 31.095238
39.682540 87.682540 39.682540 -8.317460
41.269841 53.269841 41.269841 29.269841
42.857143 45.857143 42.857143 39.857143
44.444444 74.444444 44.444444 14.444444
46.031746 91.531746 46.031746 0.531746
47.619048 89.119048 47.619048 6.119048
49.206349 95.706349 49.206349 2.706349
50.793651 71.793651 50.793651 29.793651
52.380952 80.880952 52.380952 23.880952
53.968254 87.468254 53.968254 20.468254
55.555556 63.555556 55.555556 47.555556
57.142857 100.642857 57.142857 13.642857
58.730159 79.230159 58.730159 38.230159
60.317460 100.817460 60.317460 19.817460
61.904762 71.404762 61.904762 52.404762
63.492063 112.992063 63.492063 13.992063
65.079365 108.079365 65.079365 22.079365
66.666667 108.166667 66.666667 25.166667
68.253968 88.753968 68.253968 47.753968
69.841270 73.341270 69.841270 66.341270
71.428571 102.428571 71.428571 40.428571
73.015873 123.015873 73.015873 23.015873
74.603175 96.603175 74.603175 52.603175
76.190476 84.190476 76.190476 68.190476
77.777778 122.277778 77.777778 33.277778
79.365079 87.865079 79.365079 70.865079
80.952381 81.452381 80.952381 80.452381
82.539683 126.039683 82.539683 39.039683
84.126984 133.126984 84.126984 35.126984
85.714286 122.214286 85.714286 49.214286
87.301587 123.801587 87.301587 50.801587
88.888889 116.388889 88.888889 61.388889
90.476190 120.976190 90.476190 59.976190
92.063492 97.563492 92.063492 86.563492
93.650794 128.150794 93.650794 59.150794
95.238095 136.738095 95.238095 53.738095
96.825397 136.325397 96.825397 57.325397
98.412698 103.912698 98.412698 92.912698
100.000000 146.000000 100.000000 54.000000