0.000000 34.500000 0.000000 -34.500000
0.195695 38.695695 0.195695 -38.304305
0.391389 2.391389 0.391389 -1.608611
0.587084 32.087084 0.587084 -30.912916
0.782779 26.782779 0.782779 -25.217221
0.978474 29.978474 0.978474 -28.021526
1.174168 30.174168 1.174168 -27.825832
1.369863 11.869863 1.369863 -9.130137
1.565558 43.065558 1.565558 -39.934442
1.761252 17.761252 1.761252 -14.238748
1.956947 24.456947 1.956947 -20.543053
2.152642 11.652642 2.152642 -7.347358
2.348337 15.848337 2.348337 -11.151663
2.544031 6.544031 2.544031 -1.455969
2.739726 40.239726 2.739726 -34.760274
2.935421 22.935421 2.935421 -17.064579
3.131115 34.631115 3.131115 -28.368885
3.326810 10.826810 3.326810 -4.173190
3.522505 22.522505 3.522505 -15.477495
3.718200 11.218200 3.718200 -3.781800
3.913894 21.913894 3.913894 -14.086106
4.109589 28.609589 4.109589 -20.390411
4.305284 32.805284 4.305284 -24.194716
4.500978 33.000978 4.500978 -23.999022
4.696673 45.196673 4.696673 -35.803327
4.892368 45.892368 4.892368 -36.107632
5.088063 30.588063 5.088063 -20.411937
5.283757 30.783757 5.283757 -20.216243
5.479452 40.979452 5.479452 -30.020548
5.675147 32.675147 5.675147 -21.324853
5.870841 51.370841 5.870841 -39.629159
6.066536 53.566536 6.066536 -41.433464
6.262231 36.262231 6.262231 -23.737769
6.457926 42.957926 6.457926 -30.042074
6.653620 28.153620 6.653620 -14.846380
6.849315 7.349315 6.849315 6.349315
7.045010 34.045010 7.045010 -19.954990
7.240705 18.240705 7.240705 -3.759295
7.436399 16.936399 7.436399 -2.063601
7.632094 55.632094 7.632094 -40.367906
7.827789 45.327789 7.827789 -29.672211
8.023483 20.523483 8.023483 -4.476517
8.219178 13.719178 8.219178 2.719178
8.414873 58.414873 8.414873 -41.585127
8.610568 42.110568 8.610568 -24.889432
8.806262 32.306262 8.806262 -14.693738
9.001957 12.501957 9.001957 5.501957
9.197652 34.697652 9.197652 -16.302348
9.393346 37.393346 9.393346 -18.606654
9.589041 25.589041 9.589041 -6.410959
9.784736 28.284736 9.784736 -8.715264
9.980431 47.480431 9.980431 -27.519569
10.176125 50.676125 10.176125 -30.323875
10.371820 40.871820 10.371820 -20.128180
10.567515 25.567515 10.567515 -4.432485
10.763209 44.763209 10.763209 -23.236791
10.958904 31.458904 10.958904 -9.541096
11.154599 38.654599 11.154599 -16.345401
11.350294 43.850294 11.350294 -21.149706
11.545988 46.045988 11.545988 -22.954012
11.741683 44.741683 11.741683 -21.258317
11.937378 22.437378 11.937378 1.437378
12.133072 60.133072 12.133072 -35.866928
12.328767 36.328767 12.328767 -11.671233
12.524462 36.024462 12.524462 -10.975538
12.720157 37.220157 12.720157 -11.779843
12.915851 20.415851 12.915851 5.415851
13.111546 19.111546 13.111546 7.111546
13.307241 47.807241 13.307241 -21.192759
13.502935 56.502935 13.502935 -29.497065
13.698630 21.198630 13.698630 6.198630
13.894325 36.394325 13.894325 -8.605675
14.090020 15.090020 14.090020 13.090020
14.285714 19.285714 14.285714 9.285714
14.481409 48.981409 14.481409 -20.018591
14.677104 62.177104 14.677104 -32.822896
14.872798 38.372798 14.872798 -8.627202
15.068493 63.068493 15.068493 -32.931507
15.264188 40.264188 15.264188 -9.735812
15.459883 54.959883 15.459883 -24.040117
15.655577 49.155577 15.655577 -17.844423
15.851272 34.851272 15.851272 -3.148728
16.046967 19.546967 16.046967 12.546967
16.242661 48.742661 16.242661 -16.257339
16.438356 38.938356 16.438356 -6.061644
16.634051 24.634051 16.634051 8.634051
16.829746 20.829746 16.829746 12.829746
17.025440 55.525440 17.025440 -21.474560
17.221135 26.221135 17.221135 8.221135
17.416830 28.416830 17.416830 6.416830
17.612524 46.612524 17.612524 -11.387476
17.808219 49.808219 17.808219 -14.191781
18.003914 29.003914 18.003914 7.003914
18.199609 40.699609 18.199609 -4.300391
18.395303 53.895303 18.395303 -17.104697
18.590998 19.590998 18.590998 17.590998
18.786693 46.786693 18.786693 -9.213307
18.982387 46.482387 18.982387 -8.517613
19.178082 19.678082 19.178082 18.678082
19.373777 42.373777 19.373777 -3.626223
19.569472 36.569472 19.569472 2.569472
19.765166 37.265166 19.765166 2.265166
19.960861 41.960861 19.960861 -2.039139
20.156556 39.656556 20.156556 0.656556
20.352250 51.852250 20.352250 -11.147750
20.547945 56.047945 20.547945 -14.952055
20.743640 32.743640 20.743640 8.743640
20.939335 55.939335 20.939335 -14.060665
21.135029 31.135029 21.135029 11.135029
21.330724 43.330724 21.330724 -0.669276
21.526419 54.526419 21.526419 -11.473581
21.722114 31.722114 21.722114 11.722114
21.917808 60.917808 21.917808 -17.082192
22.113503 25.613503 22.113503 18.613503
22.309198 24.309198 22.309198 20.309198
22.504892 72.504892 22.504892 -27.495108
22.700587 57.700587 22.700587 -12.299413
22.896282 70.396282 22.896282 -24.603718
23.091977 67.591977 23.091977 -21.408023
23.287671 71.787671 23.287671 -25.212329
23.483366 28.983366 23.483366 17.983366
23.679061 69.179061 23.679061 -21.820939
23.874755 50.374755 23.874755 -2.625245
24.070450 65.070450 24.070450 -16.929550
24.266145 62.266145 24.266145 -13.733855
24.461840 68.961840 24.461840 -20.038160
24.657534 65.657534 24.657534 -16.342466
24.853229 36.353229 24.853229 13.353229
25.048924 33.048924 25.048924 17.048924
25.244618 63.744618 25.244618 -13.255382
25.440313 73.940313 25.440313 -23.059687
25.636008 71.136008 25.636008 -19.863992
25.831703 35.831703 25.831703 15.831703
26.027397 34.027397 26.027397 18.027397
26.223092 49.723092 26.223092 2.723092
26.418787 71.918787 26.418787 -19.081213
26.614481 36.614481 26.614481 16.614481
26.810176 60.310176 26.810176 -6.689824
27.005871 49.505871 27.005871 4.505871
27.201566 67.701566 27.201566 -13.298434
27.397260 58.397260 27.397260 -3.602740
27.592955 49.092955 27.592955 6.092955
27.788650 51.288650 27.788650 4.288650
27.984344 74.984344 27.984344 -19.015656
28.180039 74.180039 28.180039 -17.819961
28.375734 58.875734 28.375734 -2.124266
28.571429 72.571429 28.571429 -15.428571
28.767123 45.267123 28.767123 12.267123
28.962818 67.962818 28.962818 -10.037182
29.158513 47.158513 29.158513 11.158513
29.354207 45.354207 29.354207 13.354207
29.549902 70.049902 29.549902 -10.950098
29.745597 56.245597 29.745597 3.245597
29.941292 48.441292 29.941292 11.441292
30.136986 62.136986 30.136986 -1.863014
30.332681 40.332681 30.332681 20.332681
30.528376 67.528376 30.528376 -6.471624
30.724070 44.224070 30.724070 17.224070
30.919765 42.919765 30.919765 18.919765
31.115460 57.615460 31.115460 4.615460
31.311155 71.811155 31.311155 -9.188845
31.506849 53.006849 31.506849 10.006849
31.702544 63.202544 31.702544 0.202544
31.898239 41.398239 31.898239 22.398239
32.093933 65.093933 32.093933 -0.906067
32.289628 47.289628 32.289628 17.289628
32.485323 81.985323 32.485323 -17.014677
32.681018 55.681018 32.681018 9.681018
32.876712 50.876712 32.876712 14.876712
33.072407 62.572407 33.072407 3.572407
33.268102 77.768102 33.268102 -11.231898
33.463796 74.463796 33.463796 -7.536204
33.659491 68.159491 33.659491 -0.840509
33.855186 83.855186 33.855186 -16.144814
34.050881 45.550881 34.050881 22.550881
34.246575 80.246575 34.246575 -11.753425
34.442270 79.442270 34.442270 -10.557730
34.637965 79.637965 34.637965 -10.362035
34.833659 49.333659 34.833659 20.333659
35.029354 51.029354 35.029354 19.029354
35.225049 61.225049 35.225049 9.225049
35.420744 81.920744 35.420744 -11.079256
35.616438 62.616438 35.616438 8.616438
35.812133 69.812133 35.812133 1.812133
36.007828 42.007828 36.007828 30.007828
36.203523 66.703523 36.203523 5.703523
36.399217 50.399217 36.399217 22.399217
36.594912 42.594912 36.594912 30.594912
36.790607 80.790607 36.790607 -7.209393
36.986301 70.486301 36.986301 3.486301
37.181996 44.681996 37.181996 29.681996
37.377691 76.877691 37.377691 -2.122309
37.573386 57.073386 37.573386 18.073386
37.769080 53.769080 37.769080 21.769080
37.964775 81.464775 37.964775 -5.535225
38.160470 84.160470 38.160470 -7.839530
38.356164 52.356164 38.356164 24.356164
38.551859 81.551859 38.551859 -4.448141
38.747554 42.247554 38.747554 35.247554
38.943249 70.943249 38.943249 6.943249
39.138943 83.138943 39.138943 -4.861057
39.334638 45.334638 39.334638 33.334638
39.530333 86.030333 39.530333 -6.969667
39.726027 70.226027 39.726027 9.226027
39.921722 42.421722 39.921722 37.421722
40.117417 42.117417 40.117417 38.117417
40.313112 46.813112 40.313112 33.813112
40.508806 84.008806 40.508806 -2.991194
40.704501 67.204501 40.704501 14.204501
40.900196 50.400196 40.900196 31.400196
41.095890 45.595890 41.095890 36.595890
41.291585 55.291585 41.291585 27.291585
41.487280 46.987280 41.487280 35.987280
41.682975 86.682975 41.682975 -3.317025
41.878669 85.378669 41.878669 -1.621331
42.074364 56.574364 42.074364 27.574364
42.270059 48.770059 42.270059 35.770059
42.465753 79.465753 42.465753 5.465753
42.661448 55.161448 42.661448 30.161448
42.857143 46.357143 42.857143 39.357143
43.052838 61.052838 43.052838 25.052838
43.248532 64.748532 43.248532 21.748532
43.444227 68.444227 43.444227 18.444227
43.639922 80.139922 43.639922 7.139922
43.835616 90.335616 43.835616 -2.664384
44.031311 79.031311 44.031311 9.031311
44.227006 84.227006 44.227006 4.227006
44.422701 86.422701 44.422701 2.422701
44.618395 47.118395 44.618395 42.118395
44.814090 87.814090 44.814090 1.814090
45.009785 65.509785 45.009785 24.509785
45.205479 73.705479 45.205479 16.705479
45.401174 46.401174 45.401174 44.401174
45.596869 85.096869 45.596869 6.096869
45.792564 70.292564 45.792564 21.292564
45.988258 62.988258 45.988258 28.988258
46.183953 72.683953 46.183953 19.683953
46.379648 86.379648 46.379648 6.379648
46.575342 80.075342 46.575342 13.075342
46.771037 87.771037 46.771037 5.771037
46.966732 93.966732 46.966732 -0.033268
47.162427 77.662427 47.162427 16.662427
47.358121 69.858121 47.358121 24.858121
47.553816 84.553816 47.553816 10.553816
47.749511 60.749511 47.749511 34.749511
47.945205 68.445205 47.945205 27.445205
48.140900 87.640900 48.140900 8.640900
48.336595 84.336595 48.336595 12.336595
48.532290 82.032290 48.532290 15.032290
48.727984 67.227984 48.727984 30.227984
48.923679 57.923679 48.923679 39.923679
49.119374 71.619374 49.119374 26.619374
49.315068 90.315068 49.315068 8.315068
49.510763 57.510763 49.510763 41.510763
49.706458 51.206458 49.706458 48.206458
49.902153 90.402153 49.902153 9.402153
50.097847 68.097847 50.097847 32.097847
50.293542 61.793542 50.293542 38.793542
50.489237 91.489237 50.489237 9.489237
50.684932 56.184932 50.684932 45.184932
50.880626 63.880626 50.880626 37.880626
51.076321 91.576321 51.076321 10.576321
51.272016 66.772016 51.272016 35.772016
51.467710 86.967710 51.467710 15.967710
51.663405 85.663405 51.663405 17.663405
51.859100 66.359100 51.859100 37.359100
52.054795 62.054795 52.054795 42.054795
52.250489 65.750489 52.250489 38.750489
52.446184 60.446184 52.446184 44.446184
52.641879 66.141879 52.641879 39.141879
52.837573 58.837573 52.837573 46.837573
53.033268 80.533268 53.033268 25.533268
53.228963 86.728963 53.228963 19.728963
53.424658 75.924658 53.424658 30.924658
53.620352 78.120352 53.620352 29.120352
53.816047 101.816047 53.816047 5.816047
54.011742 64.011742 54.011742 44.011742
54.207436 96.207436 54.207436 12.207436
54.403131 69.403131 54.403131 39.403131
54.598826 87.098826 54.598826 22.098826
54.794521 79.294521 54.794521 30.294521
54.990215 58.490215 54.990215 51.490215
55.185910 79.685910 55.185910 30.685910
55.381605 87.381605 55.381605 23.381605
55.577299 75.077299 55.577299 36.077299
55.772994 69.272994 55.772994 42.272994
55.968689 86.468689 55.968689 25.468689
56.164384 77.164384 56.164384 35.164384
56.360078 74.860078 56.360078 37.860078
56.555773 59.555773 56.555773 53.555773
56.751468 82.251468 56.751468 31.251468
56.947162 88.447162 56.947162 25.447162
57.142857 104.642857 57.142857 9.642857
57.338552 94.838552 57.338552 19.838552
57.534247 102.034247 57.534247 13.034247
57.729941 80.729941 57.729941 34.729941
57.925636 86.925636 57.925636 28.925636
58.121331 89.621331 58.121331 26.621331
58.317025 70.317025 58.317025 46.317025
58.512720 65.512720 58.512720 51.512720
58.708415 71.708415 58.708415 45.708415
58.904110 70.904110 58.904110 46.904110
59.099804 72.099804 59.099804 46.099804
59.295499 69.795499 59.295499 48.795499
59.491194 98.991194 59.491194 19.991194
59.686888 83.186888 59.686888 36.186888
59.882583 63.882583 59.882583 55.882583
60.078278 63.078278 60.078278 57.078278
60.273973 92.773973 60.273973 27.773973
60.469667 66.469667 60.469667 54.469667
60.665362 85.665362 60.665362 35.665362
60.861057 91.861057 60.861057 29.861057
61.056751 72.556751 61.056751 49.556751
61.252446 109.752446 61.252446 12.752446
61.448141 99.448141 61.448141 23.448141
61.643836 81.143836 61.643836 42.143836
61.839530 76.839530 61.839530 46.839530
62.035225 107.035225 62.035225 17.035225
62.230920 81.730920 62.230920 42.730920
62.426614 63.426614 62.426614 61.426614
62.622309 69.622309 62.622309 55.622309
62.818004 94.818004 62.818004 30.818004
63.013699 91.013699 63.013699 35.013699
63.209393 76.209393 63.209393 50.209393
63.405088 83.405088 63.405088 43.405088
63.600783 72.600783 63.600783 54.600783
63.796477 102.296477 63.796477 25.296477
63.992172 103.992172 63.992172 23.992172
64.187867 88.187867 64.187867 40.187867
64.383562 68.883562 64.383562 59.883562
64.579256 95.579256 64.579256 33.579256
64.774951 113.774951 64.774951 15.774951
64.970646 90.470646 64.970646 39.470646
65.166341 89.166341 65.166341 41.166341
65.362035 115.362035 65.362035 15.362035
65.557730 101.557730 65.557730 29.557730
65.753425 89.253425 65.753425 42.253425
65.949119 66.949119 65.949119 64.949119
66.144814 92.144814 66.144814 40.144814
66.340509 101.340509 66.340509 31.340509
66.536204 70.536204 66.536204 62.536204
66.731898 71.231898 66.731898 62.231898
66.927593 98.427593 66.927593 35.427593
67.123288 88.123288 67.123288 46.123288
67.318982 88.318982 67.318982 46.318982
67.514677 95.014677 67.514677 40.014677
67.710372 71.710372 67.710372 63.710372
67.906067 96.906067 67.906067 38.906067
68.101761 110.101761 68.101761 26.101761
68.297456 83.297456 68.297456 53.297456
68.493151 100.993151 68.493151 35.993151
68.688845 75.688845 68.688845 61.688845
68.884540 111.384540 68.884540 26.384540
69.080235 110.580235 69.080235 27.580235
69.275930 107.275930 69.275930 31.275930
69.471624 115.471624 69.471624 23.471624
69.667319 92.667319 69.667319 46.667319
69.863014 105.363014 69.863014 34.363014
70.058708 104.058708 70.058708 36.058708
70.254403 90.754403 70.254403 49.754403
70.450098 115.950098 70.450098 24.950098
70.645793 114.145793 70.645793 27.145793
70.841487 82.841487 70.841487 58.841487
71.037182 99.537182 71.037182 42.537182
71.232877 96.732877 71.232877 45.732877
71.428571 118.928571 71.428571 23.928571
71.624266 72.624266 71.624266 70.624266
71.819961 87.319961 71.819961 56.319961
72.015656 120.515656 72.015656 23.515656
72.211350 114.711350 72.211350 29.711350
72.407045 77.407045 72.407045 67.407045
72.602740 75.102740 72.602740 70.102740
72.798434 118.298434 72.798434 27.298434
72.994129 100.994129 72.994129 44.994129
73.189824 115.689824 73.189824 30.689824
73.385519 89.385519 73.385519 57.385519
73.581213 100.081213 73.581213 47.081213
73.776908 83.776908 73.776908 63.776908
73.972603 74.972603 73.972603 72.972603
74.168297 121.668297 74.168297 26.668297
74.363992 101.363992 74.363992 47.363992
74.559687 80.059687 74.559687 69.059687
74.755382 97.755382 74.755382 51.755382
74.951076 112.451076 74.951076 37.451076
75.146771 102.146771 75.146771 48.146771
75.342466 121.842466 75.342466 28.842466
75.538160 95.538160 75.538160 55.538160
75.733855 84.233855 75.733855 67.233855
75.929550 118.429550 75.929550 33.429550
76.125245 84.625245 76.125245 67.625245
76.320939 119.320939 76.320939 33.320939
76.516634 119.016634 76.516634 34.016634
76.712329 101.212329 76.712329 52.212329
76.908023 115.908023 76.908023 37.908023
77.103718 119.603718 77.103718 34.603718
77.299413 97.299413 77.299413 57.299413
77.495108 105.495108 77.495108 49.495108
77.690802 103.690802 77.690802 51.690802
77.886497 92.886497 77.886497 62.886497
78.082192 124.582192 78.082192 31.582192
78.277886 98.777886 78.277886 57.777886
78.473581 123.973581 78.473581 32.973581
78.669276 103.169276 78.669276 54.169276
78.864971 99.364971 78.864971 58.364971
79.060665 114.060665 79.060665 44.060665
79.256360 121.756360 79.256360 36.756360
79.452055 89.452055 79.452055 69.452055
79.647750 123.147750 79.647750 36.147750
79.843444 110.843444 79.843444 48.843444
80.039139 102.539139 80.039139 57.539139
80.234834 113.234834 80.234834 47.234834
80.430528 86.430528 80.430528 74.430528
80.626223 116.626223 80.626223 44.626223
80.821918 86.321918 80.821918 75.321918
81.017613 109.517613 81.017613 52.517613
81.213307 118.213307 81.213307 44.213307
81.409002 127.409002 81.409002 35.409002
81.604697 125.604697 81.604697 37.604697
81.800391 100.800391 81.800391 62.800391
81.996086 117.496086 81.996086 46.496086
82.191781 101.691781 82.191781 62.691781
82.387476 104.887476 82.387476 59.887476
82.583170 94.583170 82.583170 70.583170
82.778865 112.278865 82.778865 53.278865
82.974560 83.974560 82.974560 81.974560
83.170254 103.670254 83.170254 62.670254
83.365949 102.865949 83.365949 63.865949
83.561644 91.061644 83.561644 76.061644
83.757339 120.757339 83.757339 46.757339
83.953033 100.453033 83.953033 67.453033
84.148728 103.648728 84.148728 64.648728
84.344423 133.844423 84.344423 34.844423
84.540117 116.040117 84.540117 53.040117
84.735812 105.235812 84.735812 64.235812
84.931507 96.931507 84.931507 72.931507
85.127202 133.627202 85.127202 36.627202
85.322896 92.822896 85.322896 77.822896
85.518591 106.018591 85.518591 65.018591
85.714286 112.714286 85.714286 58.714286
85.909980 91.409980 85.909980 80.409980
86.105675 115.605675 86.105675 56.605675
86.301370 91.801370 86.301370 80.801370
86.497065 116.497065 86.497065 56.497065
86.692759 110.692759 86.692759 62.692759
86.888454 127.888454 86.888454 45.888454
87.084149 116.084149 87.084149 58.084149
87.279843 98.279843 87.279843 76.279843
87.475538 109.475538 87.475538 65.475538
87.671233 109.671233 87.671233 65.671233
87.866928 131.866928 87.866928 43.866928
88.062622 125.562622 88.062622 50.562622
88.258317 108.258317 88.258317 68.258317
88.454012 96.954012 88.454012 79.954012
88.649706 116.149706 88.649706 61.149706
88.845401 90.345401 88.845401 87.345401
89.041096 95.541096 89.041096 82.541096
89.236791 121.236791 89.236791 57.236791
89.432485 113.932485 89.432485 64.932485
89.628180 139.628180 89.628180 39.628180
89.823875 122.823875 89.823875 56.823875
90.019569 139.019569 90.019569 41.019569
90.215264 134.715264 90.215264 45.715264
90.410959 125.910959 90.410959 54.910959
90.606654 95.106654 90.606654 86.106654
90.802348 113.302348 90.802348 68.302348
90.998043 91.498043 90.998043 90.498043
91.193738 125.193738 91.193738 57.193738
91.389432 130.389432 91.389432 52.389432
91.585127 137.585127 91.585127 45.585127
91.780822 109.780822 91.780822 73.780822
91.976517 119.476517 91.976517 64.476517
92.172211 125.172211 92.172211 59.172211
92.367906 101.367906 92.367906 83.367906
92.563601 142.063601 92.563601 43.063601
92.759295 93.259295 92.759295 92.259295
92.954990 102.954990 92.954990 82.954990
93.150685 116.650685 93.150685 69.650685
93.346380 121.346380 93.346380 65.346380
93.542074 106.542074 93.542074 80.542074
93.737769 143.737769 93.737769 43.737769
93.933464 116.433464 93.933464 71.433464
94.129159 97.129159 94.129159 91.129159
94.324853 129.324853 94.324853 59.324853
94.520548 106.520548 94.520548 82.520548
94.716243 109.716243 94.716243 79.716243
94.911937 107.911937 94.911937 81.911937
95.107632 99.607632 95.107632 90.607632
95.303327 123.803327 95.303327 66.803327
95.499022 108.999022 95.499022 81.999022
95.694716 97.694716 95.694716 93.694716
95.890411 128.390411 95.890411 63.390411
96.086106 126.586106 96.086106 65.586106
96.281800 106.281800 96.281800 86.281800
96.477495 130.977495 96.477495 61.977495
96.673190 112.673190 96.673190 80.673190
96.868885 118.368885 96.868885 75.368885
97.064579 116.564579 97.064579 77.564579
97.260274 128.760274 97.260274 65.760274
97.455969 136.955969 97.455969 57.955969
97.651663 127.651663 97.651663 67.651663
97.847358 130.847358 97.847358 64.847358
98.043053 127.543053 98.043053 68.543053
98.238748 106.238748 98.238748 90.238748
98.434442 100.934442 98.434442 95.934442
98.630137 105.630137 98.630137 91.630137
98.825832 113.325832 98.825832 84.325832
99.021526 137.021526 99.021526 61.021526
99.217221 120.217221 99.217221 78.217221
99.412916 106.912916 99.412916 91.912916
99.608611 136.608611 99.608611 62.608611
99.804305 133.304305 99.804305 66.304305
100.000000 132.000000 100.000000 68.000000