0.000000 31.000000 0.000000 -31.000000
0.392157 18.892157 0.392157 -18.107843
0.784314 33.284314 0.784314 -31.715686
1.176471 32.176471 1.176471 -29.823529
1.568627 18.568627 1.568627 -15.431373
1.960784 10.460784 1.960784 -6.539216
2.352941 49.852941 2.352941 -45.147059
2.745098 28.245098 2.745098 -22.754902
3.137255 51.137255 3.137255 -44.862745
3.529412 27.029412 3.529412 -19.970588
3.921569 50.921569 3.921569 -43.078431
4.313725 44.313725 4.313725 -35.686275
4.705882 29.705882 4.705882 -20.294118
5.098039 6.098039 5.098039 4.098039
5.490196 17.990196 5.490196 -7.009804
5.882353 27.882353 5.882353 -16.117647
6.274510 50.774510 6.274510 -38.225490
6.666667 52.666667 6.666667 -39.333333
7.058824 38.558824 7.058824 -24.441176
7.450980 30.950980 7.450980 -16.049020
7.843137 49.343137 7.843137 -33.656863
8.235294 26.735294 8.235294 -10.264706
8.627451 42.127451 8.627451 -24.872549
9.019608 26.519608 9.019608 -8.480392
9.411765 15.911765 9.411765 2.911765
9.803922 33.303922 9.803922 -13.696078
10.196078 12.696078 10.196078 7.696078
10.588235 38.088235 10.588235 -16.911765
10.980392 59.480392 10.980392 -37.519608
11.372549 20.872549 11.372549 1.872549
11.764706 14.264706 11.764706 9.264706
12.156863 34.656863 12.156863 -10.343137
12.549020 32.549020 12.549020 -7.450980
12.941176 61.941176 12.941176 -36.058824
13.333333 46.833333 13.333333 -20.166667
13.725490 50.725490 13.725490 -23.274510
14.117647 19.617647 14.117647 8.617647
14.509804 39.509804 14.509804 -10.490196
14.901961 61.401961 14.901961 -31.598039
15.294118 49.294118 15.294118 -18.705882
15.686275 37.186275 15.686275 -5.813725
16.078431 32.078431 16.078431 0.078431
16.470588 66.470588 16.470588 -33.529412
16.862745 54.862745 16.862745 -21.137255
17.254902 33.754902 17.254902 0.754902
17.647059 36.647059 17.647059 -1.352941
18.039216 46.539216 18.039216 -10.460784
18.431373 55.431373 18.431373 -18.568627
18.823529 39.323529 18.823529 -1.676471
19.215686 50.215686 19.215686 -11.784314
19.607843 68.607843 19.607843 -29.392157
20.000000 63.000000 20.000000 -23.000000
20.392157 39.892157 20.392157 0.892157
20.784314 34.784314 20.784314 6.784314
21.176471 63.176471 21.176471 -20.823529
21.568627 46.568627 21.568627 -3.431373
21.960784 45.960784 21.960784 -2.039216
22.352941 29.852941 22.352941 14.852941
22.745098 28.245098 22.745098 17.245098
23.137255 38.637255 23.137255 7.637255
23.529412 73.029412 23.529412 -25.970588
23.921569 27.921569 23.921569 19.921569
24.313725 37.813725 24.313725 10.813725
24.705882 43.205882 24.705882 6.205882
25.098039 57.598039 25.098039 -7.401961
25.490196 30.490196 25.490196 20.490196
25.882353 27.382353 25.882353 24.382353
26.274510 42.274510 26.274510 10.274510
26.666667 74.666667 26.666667 -21.333333
27.058824 72.558824 27.058824 -18.441176
27.450980 63.950980 27.450980 -9.049020
27.843137 60.843137 27.843137 -5.156863
28.235294 59.235294 28.235294 -2.764706
28.627451 39.627451 28.627451 17.627451
29.019608 64.519608 29.019608 -6.480392
29.411765 38.911765 29.411765 19.911765
29.803922 74.803922 29.803922 -15.196078
30.196078 33.196078 30.196078 27.196078
30.588235 47.088235 30.588235 14.088235
30.980392 73.980392 30.980392 -12.019608
31.372549 37.872549 31.372549 24.872549
31.764706 69.764706 31.764706 -6.235294
32.156863 56.156863 32.156863 8.156863
32.549020 48.049020 32.549020 17.049020
32.941176 63.441176 32.941176 2.441176
33.333333 44.333333 33.333333 22.333333
33.725490 68.725490 33.725490 -1.274510
34.117647 49.117647 34.117647 19.117647
34.509804 44.509804 34.509804 24.509804
34.901961 51.401961 34.901961 18.401961
35.294118 82.294118 35.294118 -11.705882
35.686275 69.186275 35.686275 2.186275
36.078431 74.078431 36.078431 -1.921569
36.470588 85.470588 36.470588 -12.529412
36.862745 58.362745 36.862745 15.362745
37.254902 52.754902 37.254902 21.754902
37.647059 80.647059 37.647059 -5.352941
38.039216 58.039216 38.039216 18.039216
38.431373 75.431373 38.431373 1.431373
38.823529 71.323529 38.823529 6.323529
39.215686 82.715686 39.215686 -4.284314
39.607843 59.607843 39.607843 19.607843
40.000000 90.000000 40.000000 -10.000000
40.392157 56.392157 40.392157 24.392157
40.784314 43.284314 40.784314 38.284314
41.176471 58.676471 41.176471 23.676471
41.568627 83.568627 41.568627 -0.431373
41.960784 83.460784 41.960784 0.460784
42.352941 58.852941 42.352941 25.852941
42.745098 88.745098 42.745098 -3.254902
43.137255 74.637255 43.137255 11.637255
43.529412 47.529412 43.529412 39.529412
43.921569 77.921569 43.921569 9.921569
44.313725 62.313725 44.313725 26.313725
44.705882 52.705882 44.705882 36.705882
45.098039 47.598039 45.098039 42.598039
45.490196 86.490196 45.490196 4.490196
45.882353 90.382353 45.882353 1.382353
46.274510 47.274510 46.274510 45.274510
46.666667 59.166667 46.666667 34.166667
47.058824 50.058824 47.058824 44.058824
47.450980 65.450980 47.450980 29.450980
47.843137 66.843137 47.843137 28.843137
48.235294 83.735294 48.235294 12.735294
48.627451 71.127451 48.627451 26.127451
49.019608 93.019608 49.019608 5.019608
49.411765 59.911765 49.411765 38.911765
49.803922 55.303922 49.803922 44.303922
50.196078 62.196078 50.196078 38.196078
50.588235 81.588235 50.588235 19.588235
50.980392 80.980392 50.980392 20.980392
51.372549 78.372549 51.372549 24.372549
51.764706 84.764706 51.764706 18.764706
52.156863 90.156863 52.156863 14.156863
52.549020 68.049020 52.549020 37.049020
52.941176 67.941176 52.941176 37.941176
53.333333 79.333333 53.333333 27.333333
53.725490 90.225490 53.725490 17.225490
54.117647 100.117647 54.117647 8.117647
54.509804 71.009804 54.509804 38.009804
54.901961 66.401961 54.901961 43.401961
55.294118 61.294118 55.294118 49.294118
55.686275 72.186275 55.686275 39.186275
56.078431 58.578431 56.078431 53.578431
56.470588 72.970588 56.470588 39.970588
56.862745 62.362745 56.862745 51.362745
57.254902 86.754902 57.254902 27.754902
57.647059 102.147059 57.647059 13.147059
58.039216 103.039216 58.039216 13.039216
58.431373 85.431373 58.431373 31.431373
58.823529 96.823529 58.823529 20.823529
59.215686 80.215686 59.215686 38.215686
59.607843 61.107843 59.607843 58.107843
60.000000 70.500000 60.000000 49.500000
60.392157 71.892157 60.392157 48.892157
60.784314 88.784314 60.784314 32.784314
61.176471 65.176471 61.176471 57.176471
61.568627 82.568627 61.568627 40.568627
61.960784 90.960784 61.960784 32.960784
62.352941 104.852941 62.352941 19.852941
62.745098 96.745098 62.745098 28.745098
63.137255 104.137255 63.137255 22.137255
63.529412 67.529412 63.529412 59.529412
63.921569 92.921569 63.921569 34.921569
64.313725 69.813725 64.313725 58.813725
64.705882 100.705882 64.705882 28.705882
65.098039 81.098039 65.098039 49.098039
65.490196 99.990196 65.490196 30.990196
65.882353 109.882353 65.882353 21.882353
66.274510 66.774510 66.274510 65.774510
66.666667 88.166667 66.666667 45.166667
67.058824 84.058824 67.058824 50.058824
67.450980 106.950980 67.450980 27.950980
67.843137 106.843137 67.843137 28.843137
68.235294 101.235294 68.235294 35.235294
68.627451 88.627451 68.627451 48.627451
69.019608 81.019608 69.019608 57.019608
69.411765 75.911765 69.411765 62.911765
69.803922 80.303922 69.803922 59.303922
70.196078 101.696078 70.196078 38.696078
70.588235 100.588235 70.588235 40.588235
70.980392 119.480392 70.980392 22.480392
71.372549 97.372549 71.372549 45.372549
71.764706 119.264706 71.764706 24.264706
72.156863 84.156863 72.156863 60.156863
72.549020 100.549020 72.549020 44.549020
72.941176 77.441176 72.941176 68.441176
73.333333 114.833333 73.333333 31.833333
73.725490 82.725490 73.725490 64.725490
74.117647 102.617647 74.117647 45.617647
74.509804 115.509804 74.509804 33.509804
74.901961 122.401961 74.901961 27.401961
75.294118 107.794118 75.294118 42.794118
75.686275 85.686275 75.686275 65.686275
76.078431 80.578431 76.078431 71.578431
76.470588 94.970588 76.470588 57.970588
76.862745 126.362745 76.862745 27.362745
77.254902 91.754902 77.254902 62.754902
77.647059 89.147059 77.647059 66.147059
78.039216 85.039216 78.039216 71.039216
78.431373 123.931373 78.431373 32.931373
78.823529 100.823529 78.823529 56.823529
79.215686 107.715686 79.215686 50.715686
79.607843 80.607843 79.607843 78.607843
80.000000 104.000000 80.000000 56.000000
80.392157 122.392157 80.392157 38.392157
80.784314 83.784314 80.784314 77.784314
81.176471 97.676471 81.176471 64.676471
81.568627 101.068627 81.568627 62.068627
81.960784 118.460784 81.960784 45.460784
82.352941 130.852941 82.352941 33.852941
82.745098 131.745098 82.745098 33.745098
83.137255 114.637255 83.137255 51.637255
83.529412 126.529412 83.529412 40.529412
83.921569 98.421569 83.921569 69.421569
84.313725 103.313725 84.313725 65.313725
84.705882 96.705882 84.705882 72.705882
85.098039 134.598039 85.098039 35.598039
85.490196 85.990196 85.490196 84.990196
85.882353 120.882353 85.882353 50.882353
86.274510 105.274510 86.274510 67.274510
86.666667 122.666667 86.666667 50.666667
87.058824 93.558824 87.058824 80.558824
87.450980 91.450980 87.450980 83.450980
87.843137 116.343137 87.843137 59.343137
88.235294 133.235294 88.235294 43.235294
88.627451 119.627451 88.627451 57.627451
89.019608 129.519608 89.019608 48.519608
89.411765 91.411765 89.411765 87.411765
89.803922 120.803922 89.803922 58.803922
90.196078 108.696078 90.196078 71.696078
90.588235 98.088235 90.588235 83.088235
90.980392 97.480392 90.980392 84.480392
91.372549 93.372549 91.372549 89.372549
91.764706 112.264706 91.764706 71.264706
92.156863 141.156863 92.156863 43.156863
92.549020 137.549020 92.549020 47.549020
92.941176 122.941176 92.941176 62.941176
93.333333 113.333333 93.333333 73.333333
93.725490 94.725490 93.725490 92.725490
94.117647 133.117647 94.117647 55.117647
94.509804 129.509804 94.509804 59.509804
94.901961 97.401961 94.901961 92.401961
95.294118 132.294118 95.294118 58.294118
95.686275 136.686275 95.686275 54.686275
96.078431 99.578431 96.078431 92.578431
96.470588 120.970588 96.470588 71.970588
96.862745 146.862745 96.862745 46.862745
97.254902 116.754902 97.254902 77.754902
97.647059 133.147059 97.647059 62.147059
98.039216 109.039216 98.039216 87.039216
98.431373 123.431373 98.431373 73.431373
98.823529 101.823529 98.823529 95.823529
99.215686 101.215686 99.215686 97.215686
99.607843 124.107843 99.607843 75.107843
100.000000 115.000000 100.000000 85.000000