0.000000 35.500000 0.000000 -35.500000
0.787402 43.287402 0.787402 -41.712598
1.574803 23.074803 1.574803 -19.925197
2.362205 43.362205 2.362205 -38.637795
3.149606 52.649606 3.149606 -46.350394
3.937008 25.937008 3.937008 -18.062992
4.724409 53.224409 4.724409 -43.775591
5.511811 27.511811 5.511811 -16.488189
6.299213 16.799213 6.299213 -4.200787
7.086614 17.586614 7.086614 -3.413386
7.874016 45.874016 7.874016 -30.125984
8.661417 56.161417 8.661417 -38.838583
9.448819 52.948819 9.448819 -34.051181
10.236220 30.736220 10.236220 -10.263780
11.023622 59.023622 11.023622 -36.976378
11.811024 35.311024 11.811024 -11.688976
12.598425 48.098425 12.598425 -22.901575
13.385827 38.385827 13.385827 -11.614173
14.173228 32.673228 14.173228 -4.326772
14.960630 45.960630 14.960630 -16.039370
15.748031 48.748031 15.748031 -17.251969
16.535433 27.535433 16.535433 5.535433
17.322835 45.322835 17.322835 -10.677165
18.110236 66.110236 18.110236 -29.889764
18.897638 63.397638 18.897638 -25.602362
19.685039 68.685039 19.685039 -29.314961
20.472441 52.472441 20.472441 -11.527559
21.259843 41.759843 21.259843 0.759843
22.047244 44.547244 22.047244 -0.452756
22.834646 23.334646 22.834646 22.334646
23.622047 40.622047 23.622047 6.622047
24.409449 62.909449 24.409449 -14.090551
25.196850 57.696850 25.196850 -7.303150
25.984252 48.484252 25.984252 3.484252
26.771654 74.271654 26.771654 -20.728346
27.559055 76.559055 27.559055 -21.440945
28.346457 53.346457 28.346457 3.346457
29.133858 51.633858 29.133858 6.633858
29.921260 69.921260 29.921260 -10.078740
30.708661 37.208661 30.708661 24.208661
31.496063 72.996063 31.496063 -10.003937
32.283465 69.783465 32.283465 -5.216535
33.070866 62.570866 33.070866 3.570866
33.858268 49.358268 33.858268 18.358268
34.645669 64.145669 34.645669 5.145669
35.433071 64.433071 35.433071 6.433071
36.220472 46.720472 36.220472 25.720472
37.007874 40.007874 37.007874 34.007874
37.795276 49.295276 37.795276 26.295276
38.582677 88.082677 38.582677 -10.917323
39.370079 79.870079 39.370079 -1.129921
40.157480 42.657480 40.157480 37.657480
40.944882 68.444882 40.944882 13.444882
41.732283 55.232283 41.732283 28.232283
42.519685 68.019685 42.519685 17.019685
43.307087 72.807087 43.307087 13.807087
44.094488 46.594488 44.094488 41.594488
44.881890 88.881890 44.881890 0.881890
45.669291 70.169291 45.669291 21.169291
46.456693 56.456693 46.456693 36.456693
47.244094 96.744094 47.244094 -2.255906
48.031496 93.531496 48.031496 2.531496
48.818898 80.318898 48.818898 17.318898
49.606299 68.106299 49.606299 31.106299
50.393701 96.893701 50.393701 3.893701
51.181102 96.181102 51.181102 6.181102
51.968504 54.968504 51.968504 48.968504
52.755906 57.255906 52.755906 48.255906
53.543307 65.543307 53.543307 41.543307
54.330709 71.330709 54.330709 37.330709
55.118110 98.118110 55.118110 12.118110
55.905512 56.905512 55.905512 54.905512
56.692913 69.692913 56.692913 43.692913
57.480315 93.980315 57.480315 20.980315
58.267717 62.767717 58.267717 53.767717
59.055118 102.555118 59.055118 15.555118
59.842520 68.342520 59.842520 51.342520
60.629921 83.629921 60.629921 37.629921
61.417323 75.917323 61.417323 46.917323
62.204724 89.704724 62.204724 34.704724
62.992126 111.992126 62.992126 13.992126
63.779528 71.279528 63.779528 56.279528
64.566929 108.066929 64.566929 21.066929
65.354331 89.854331 65.354331 40.854331
66.141732 96.141732 66.141732 36.141732
66.929134 67.429134 66.929134 66.429134
67.716535 92.216535 67.716535 43.216535
68.503937 105.503937 68.503937 31.503937
69.291339 96.291339 69.291339 42.291339
70.078740 119.578740 70.078740 20.578740
70.866142 96.366142 70.866142 45.366142
71.653543 74.153543 71.653543 69.153543
72.440945 78.440945 72.440945 66.440945
73.228346 97.228346 73.228346 49.228346
74.015748 82.515748 74.015748 65.515748
74.803150 97.803150 74.803150 51.803150
75.590551 106.590551 75.590551 44.590551
76.377953 82.377953 76.377953 70.377953
77.165354 81.665354 77.165354 72.665354
77.952756 78.952756 77.952756 76.952756
78.740157 83.240157 78.740157 74.240157
79.527559 100.527559 79.527559 58.527559
80.314961 102.814961 80.314961 57.814961
81.102362 124.102362 81.102362 38.102362
81.889764 94.389764 81.889764 69.389764
82.677165 125.177165 82.677165 40.177165
83.464567 102.464567 83.464567 64.464567
84.251969 85.251969 84.251969 83.251969
85.039370 122.539370 85.039370 47.539370
85.826772 94.326772 85.826772 77.326772
86.614173 87.614173 86.614173 85.614173
87.401575 116.901575 87.401575 57.901575
88.188976 128.188976 88.188976 48.188976
88.976378 123.476378 88.976378 54.476378
89.763780 104.763780 89.763780 74.763780
90.551181 117.551181 90.551181 63.551181
91.338583 100.338583 91.338583 82.338583
92.125984 119.125984 92.125984 65.125984
92.913386 103.913386 92.913386 81.913386
93.700787 128.200787 93.700787 59.200787
94.488189 113.988189 94.488189 74.988189
95.275591 106.775591 95.275591 83.775591
96.062992 125.062992 96.062992 67.062992
96.850394 103.850394 96.850394 89.850394
97.637795 112.137795 97.637795 83.137795
98.425197 102.425197 98.425197 94.425197
99.212598 118.712598 99.212598 79.712598
100.000000 144.000000 100.000000 56.000000