0.000000 26.500000 0.000000 -26.500000
0.097752 34.597752 0.097752 -34.402248
0.195503 25.195503 0.195503 -24.804497
0.293255 14.793255 0.293255 -14.206745
0.391007 26.891007 0.391007 -26.108993
0.488759 46.988759 0.488759 -46.011241
0.586510 38.586510 0.586510 -37.413490
0.684262 25.684262 0.684262 -24.315738
0.782014 45.782014 0.782014 -44.217986
0.879765 46.879765 0.879765 -45.120235
0.977517 23.977517 0.977517 -22.022483
1.075269 17.575269 1.075269 -15.424731
1.173021 18.173021 1.173021 -15.826979
1.270772 14.270772 1.270772 -11.729228
1.368524 13.368524 1.368524 -10.631476
1.466276 19.466276 1.466276 -16.533724
1.564027 16.064027 1.564027 -12.935973
1.661779 51.161779 1.661779 -47.838221
1.759531 26.759531 1.759531 -23.240469
1.857283 36.857283 1.857283 -33.142717
1.955034 9.955034 1.955034 -6.044966
2.052786 24.552786 2.052786 -20.447214
2.150538 10.650538 2.150538 -6.349462
2.248289 22.748289 2.248289 -18.251711
2.346041 32.346041 2.346041 -27.653959
2.443793 44.943793 2.443793 -40.056207
2.541544 48.041544 2.541544 -42.958456
2.639296 10.139296 2.639296 -4.860704
2.737048 31.237048 2.737048 -25.762952
2.834800 22.334800 2.834800 -16.665200
2.932551 18.432551 2.932551 -12.567449
3.030303 40.530303 3.030303 -34.469697
3.128055 52.128055 3.128055 -45.871945
3.225806 21.225806 3.225806 -14.774194
3.323558 28.823558 3.323558 -22.176442
3.421310 43.421310 3.421310 -36.578690
3.519062 38.019062 3.519062 -30.980938
3.616813 17.116813 3.616813 -9.883187
3.714565 35.214565 3.714565 -27.785435
3.812317 18.312317 3.812317 -10.687683
3.910068 10.910068 3.910068 -3.089932
4.007820 42.007820 4.007820 -33.992180
4.105572 36.605572 4.105572 -28.394428
4.203324 30.203324 4.203324 -21.796676
4.301075 39.301075 4.301075 -30.698925
4.398827 26.898827 4.398827 -18.101173
4.496579 13.496579 4.496579 -4.503421
4.594330 52.594330 4.594330 -43.405670
4.692082 6.192082 4.692082 3.192082
4.789834 33.789834 4.789834 -24.210166
4.887586 54.887586 4.887586 -45.112414
4.985337 13.485337 4.985337 -3.514663
5.083089 30.583089 5.083089 -20.416911
5.180841 25.680841 5.180841 -15.319159
5.278592 52.278592 5.278592 -41.721408
5.376344 30.376344 5.376344 -19.623656
5.474096 40.974096 5.474096 -30.025904
5.571848 24.071848 5.571848 -12.928152
5.669599 23.169599 5.669599 -11.830401
5.767351 52.767351 5.767351 -41.232649
5.865103 42.365103 5.865103 -30.634897
5.962854 47.462854 5.962854 -35.537146
6.060606 30.560606 6.060606 -18.439394
6.158358 34.658358 6.158358 -22.341642
6.256109 42.756109 6.256109 -30.243891
6.353861 39.853861 6.353861 -27.146139
6.451613 18.951613 6.451613 -6.048387
6.549365 22.049365 6.549365 -8.950635
6.647116 31.147116 6.647116 -17.852884
6.744868 54.744868 6.744868 -41.255132
6.842620 39.342620 6.842620 -25.657380
6.940371 41.440371 6.940371 -27.559629
7.038123 54.538123 7.038123 -40.461877
7.135875 57.135875 7.135875 -42.864125
7.233627 28.233627 7.233627 -13.766373
7.331378 45.831378 7.331378 -31.168622
7.429130 29.929130 7.429130 -15.070870
7.526882 41.526882 7.526882 -26.473118
7.624633 12.624633 7.624633 2.624633
7.722385 42.222385 7.722385 -26.777615
7.820137 22.320137 7.820137 -6.679863
7.917889 19.917889 7.917889 -4.082111
8.015640 21.015640 8.015640 -4.984360
8.113392 56.613392 8.113392 -40.386608
8.211144 47.711144 8.211144 -31.288856
8.308895 43.808895 8.308895 -27.191105
8.406647 57.906647 8.406647 -41.093353
8.504399 43.504399 8.504399 -26.495601
8.602151 19.102151 8.602151 -1.897849
8.699902 34.699902 8.699902 -17.300098
8.797654 32.797654 8.797654 -15.202346
8.895406 32.395406 8.895406 -14.604594
8.993157 56.493157 8.993157 -38.506843
9.090909 39.090909 9.090909 -20.909091
9.188661 17.688661 9.188661 0.688661
9.286413 57.786413 9.286413 -39.213587
9.384164 39.884164 9.384164 -21.115836
9.481916 48.481916 9.481916 -29.518084
9.579668 39.079668 9.579668 -19.920332
9.677419 44.677419 9.677419 -25.322581
9.775171 51.275171 9.775171 -31.724829
9.872923 20.872923 9.872923 -1.127077
9.970674 22.970674 9.970674 -3.029326
10.068426 40.068426 10.068426 -19.931574
10.166178 18.666178 10.166178 1.666178
10.263930 43.763930 10.263930 -23.236070
10.361681 47.361681 10.361681 -26.638319
10.459433 17.959433 10.459433 2.959433
10.557185 32.057185 10.557185 -10.942815
10.654936 21.654936 10.654936 -0.345064
10.752688 25.252688 10.752688 -3.747312
10.850440 45.350440 10.850440 -23.649560
10.948192 49.448192 10.948192 -27.551808
11.045943 29.045943 11.045943 -6.954057
11.143695 41.143695 11.143695 -18.856305
11.241447 20.241447 11.241447 2.241447
11.339198 23.839198 11.339198 -1.160802
11.436950 14.436950 11.436950 8.436950
11.534702 20.034702 11.534702 3.034702
11.632454 51.632454 11.632454 -28.367546
11.730205 15.230205 11.730205 8.230205
11.827957 16.827957 11.827957 6.827957
11.925709 33.925709 11.925709 -10.074291
12.023460 13.023460 12.023460 11.023460
12.121212 21.121212 12.121212 3.121212
12.218964 61.718964 12.218964 -37.281036
12.316716 39.816716 12.316716 -15.183284
12.414467 58.414467 12.414467 -33.585533
12.512219 61.512219 12.512219 -36.487781
12.609971 19.109971 12.609971 6.109971
12.707722 13.207722 12.707722 12.207722
12.805474 13.805474 12.805474 11.805474
12.903226 61.903226 12.903226 -36.096774
13.000978 31.500978 13.000978 -5.499022
13.098729 35.598729 13.098729 -9.401271
13.196481 35.196481 13.196481 -8.803519
13.294233 23.794233 13.294233 2.794233
13.391984 37.391984 13.391984 -10.608016
13.489736 48.489736 13.489736 -21.510264
13.587488 36.087488 13.587488 -8.912512
13.685239 34.685239 13.685239 -7.314761
13.782991 25.782991 13.782991 1.782991
13.880743 57.380743 13.880743 -29.619257
13.978495 61.478495 13.978495 -33.521505
14.076246 30.076246 14.076246 -1.923754
14.173998 63.173998 14.173998 -34.826002
14.271750 58.771750 14.271750 -30.228250
14.369501 55.869501 14.369501 -27.130499
14.467253 46.967253 14.467253 -18.032747
14.565005 56.565005 14.565005 -27.434995
14.662757 17.162757 14.662757 12.162757
14.760508 44.760508 14.760508 -15.239492
14.858260 64.858260 14.858260 -35.141740
14.956012 27.956012 14.956012 1.956012
15.053763 20.553763 15.053763 9.553763
15.151515 27.651515 15.151515 2.651515
15.249267 31.749267 15.249267 -1.250733
15.347019 43.347019 15.347019 -12.652981
15.444770 30.444770 15.444770 0.444770
15.542522 51.042522 15.542522 -19.957478
15.640274 37.640274 15.640274 -6.359726
15.738025 58.238025 15.738025 -26.761975
15.835777 28.335777 15.835777 3.335777
15.933529 57.433529 15.933529 -25.566471
16.031281 57.531281 16.031281 -25.468719
16.129032 29.129032 16.129032 3.129032
16.226784 53.226784 16.226784 -20.773216
16.324536 49.824536 16.324536 -17.175464
16.422287 55.922287 16.422287 -23.077713
16.520039 54.520039 16.520039 -21.479961
16.617791 66.617791 16.617791 -33.382209
16.715543 55.715543 16.715543 -22.284457
16.813294 61.313294 16.813294 -27.686706
16.911046 34.911046 16.911046 -1.088954
17.008798 57.508798 17.008798 -23.491202
17.106549 66.106549 17.106549 -31.893451
17.204301 29.204301 17.204301 5.204301
17.302053 38.802053 17.302053 -4.197947
17.399804 67.399804 17.399804 -32.600196
17.497556 48.497556 17.497556 -13.502444
17.595308 18.595308 17.595308 16.595308
17.693060 65.693060 17.693060 -30.306940
17.790811 20.790811 17.790811 14.790811
17.888563 66.388563 17.888563 -30.611437
17.986315 38.986315 17.986315 -3.013685
18.084066 61.084066 18.084066 -24.915934
18.181818 62.681818 18.181818 -26.318182
18.279570 42.779570 18.279570 -6.220430
18.377322 23.377322 18.377322 13.377322
18.475073 43.475073 18.475073 -6.524927
18.572825 50.072825 18.572825 -12.927175
18.670577 49.170577 18.670577 -11.829423
18.768328 47.768328 18.768328 -10.231672
18.866080 52.866080 18.866080 -15.133920
18.963832 38.963832 18.963832 -1.036168
19.061584 21.061584 19.061584 17.061584
19.159335 23.659335 19.159335 14.659335
19.257087 69.257087 19.257087 -30.742913
19.354839 32.854839 19.354839 5.854839
19.452590 21.952590 19.452590 16.952590
19.550342 56.550342 19.550342 -17.449658
19.648094 37.648094 19.648094 1.648094
19.745846 58.245846 19.745846 -18.754154
19.843597 59.343597 19.843597 -19.656403
19.941349 21.441349 19.941349 18.441349
20.039101 60.539101 20.039101 -20.460899
20.136852 66.136852 20.136852 -25.863148
20.234604 68.234604 20.234604 -27.765396
20.332356 67.332356 20.332356 -26.667644
20.430108 64.930108 20.430108 -24.069892
20.527859 62.527859 20.527859 -21.472141
20.625611 66.625611 20.625611 -25.374389
20.723363 49.223363 20.723363 -7.776637
20.821114 65.321114 20.821114 -23.678886
20.918866 31.918866 20.918866 9.918866
21.016618 60.516618 21.016618 -18.483382
21.114370 42.114370 21.114370 0.114370
21.212121 53.212121 21.212121 -10.787879
21.309873 71.309873 21.309873 -28.690127
21.407625 28.907625 21.407625 13.907625
21.505376 40.005376 21.505376 3.005376
21.603128 22.603128 21.603128 20.603128
21.700880 47.700880 21.700880 -4.299120
21.798631 52.798631 21.798631 -9.201369
21.896383 29.396383 21.896383 14.396383
21.994135 27.494135 21.994135 16.494135
22.091887 70.091887 22.091887 -25.908113
22.189638 67.689638 22.189638 -23.310362
22.287390 62.787390 22.287390 -18.212610
22.385142 26.885142 22.385142 17.885142
22.482893 23.982893 22.482893 20.982893
22.580645 64.580645 22.580645 -19.419355
22.678397 30.178397 22.678397 15.178397
22.776149 69.276149 22.776149 -23.723851
22.873900 69.873900 22.873900 -24.126100
22.971652 28.471652 22.971652 17.471652
23.069404 67.069404 23.069404 -20.930596
23.167155 43.667155 23.167155 2.667155
23.264907 30.264907 23.264907 16.264907
23.362659 63.362659 23.362659 -16.637341
23.460411 30.460411 23.460411 16.460411
23.558162 48.058162 23.558162 -0.941838
23.655914 61.655914 23.655914 -14.344086
23.753666 71.753666 23.753666 -24.246334
23.851417 71.351417 23.851417 -23.648583
23.949169 40.449169 23.949169 7.449169
24.046921 70.546921 24.046921 -22.453079
24.144673 55.644673 24.144673 -7.355327
24.242424 56.742424 24.242424 -8.257576
24.340176 55.340176 24.340176 -6.659824
24.437928 26.937928 24.437928 21.937928
24.535679 58.535679 24.535679 -9.464321
24.633431 73.133431 24.633431 -23.866569
24.731183 71.231183 24.731183 -21.768817
24.828935 45.828935 24.828935 3.828935
24.926686 41.426686 24.926686 8.426686
25.024438 31.524438 25.024438 18.524438
25.122190 62.622190 25.122190 -12.377810
25.219941 41.219941 25.219941 9.219941
25.317693 26.817693 25.317693 23.817693
25.415445 61.915445 25.415445 -11.084555
25.513196 60.013196 25.513196 -8.986804
25.610948 51.610948 25.610948 -0.389052
25.708700 66.208700 25.708700 -14.791300
25.806452 70.806452 25.806452 -19.193548
25.904203 75.904203 25.904203 -24.095797
26.001955 46.501955 26.001955 5.501955
26.099707 38.099707 26.099707 14.099707
26.197458 33.197458 26.197458 19.197458
26.295210 48.295210 26.295210 4.295210
26.392962 68.892962 26.392962 -16.107038
26.490714 60.990714 26.490714 -8.009286
26.588465 42.088465 26.588465 11.088465
26.686217 45.686217 26.686217 7.686217
26.783969 35.783969 26.783969 17.783969
26.881720 44.881720 26.881720 8.881720
26.979472 39.979472 26.979472 13.979472
27.077224 46.577224 27.077224 7.577224
27.174976 37.174976 27.174976 17.174976
27.272727 49.772727 27.272727 4.772727
27.370479 31.870479 27.370479 22.870479
27.468231 40.968231 27.468231 13.968231
27.565982 51.565982 27.565982 3.565982
27.663734 49.663734 27.663734 5.663734
27.761486 29.261486 27.761486 26.261486
27.859238 35.859238 27.859238 19.859238
27.956989 61.456989 27.956989 -5.543011
28.054741 57.554741 28.054741 -1.445259
28.152493 37.652493 28.152493 18.652493
28.250244 45.750244 28.250244 10.750244
28.347996 59.847996 28.347996 -3.152004
28.445748 54.445748 28.445748 2.445748
28.543500 71.043500 28.543500 -13.956500
28.641251 34.141251 28.641251 23.141251
28.739003 77.239003 28.739003 -19.760997
28.836755 36.836755 28.836755 20.836755
28.934506 65.934506 28.934506 -8.065494
29.032258 79.032258 29.032258 -20.967742
29.130010 52.630010 29.130010 5.630010
29.227761 52.727761 29.227761 5.727761
29.325513 60.325513 29.325513 -1.674487
29.423265 77.423265 29.423265 -18.576735
29.521017 44.021017 29.521017 15.021017
29.618768 76.618768 29.618768 -17.381232
29.716520 42.716520 29.716520 16.716520
29.814272 69.314272 29.814272 -9.685728
29.912023 45.412023 29.912023 14.412023
30.009775 44.009775 30.009775 16.009775
30.107527 37.607527 30.107527 22.607527
30.205279 79.705279 30.205279 -19.294721
30.303030 33.803030 30.303030 26.803030
30.400782 67.900782 30.400782 -7.099218
30.498534 45.998534 30.498534 14.998534
30.596285 65.096285 30.596285 -3.903715
30.694037 63.194037 30.694037 -1.805963
30.791789 36.791789 30.791789 24.791789
30.889541 52.889541 30.889541 8.889541
30.987292 45.487292 30.987292 16.487292
31.085044 37.585044 31.085044 24.585044
31.182796 58.682796 31.182796 3.682796
31.280547 48.280547 31.280547 14.280547
31.378299 34.878299 31.378299 27.878299
31.476051 35.976051 31.476051 26.976051
31.573803 52.073803 31.573803 11.073803
31.671554 68.671554 31.671554 -5.328446
31.769306 74.269306 31.769306 -10.730694
31.867058 52.367058 31.867058 11.367058
31.964809 66.964809 31.964809 -3.035191
32.062561 54.062561 32.062561 10.062561
32.160313 43.160313 32.160313 21.160313
32.258065 68.258065 32.258065 -3.741935
32.355816 53.355816 32.355816 11.355816
32.453568 78.453568 32.453568 -13.546432
32.551320 65.051320 32.551320 0.051320
32.649071 52.149071 32.649071 13.149071
32.746823 50.746823 32.746823 14.746823
32.844575 41.344575 32.844575 24.344575
32.942326 61.942326 32.942326 3.942326
33.040078 68.040078 33.040078 -1.959922
33.137830 63.637830 33.137830 2.637830
33.235582 80.735582 33.235582 -14.264418
33.333333 71.333333 33.333333 -4.666667
33.431085 43.931085 33.431085 22.931085
33.528837 64.528837 33.528837 2.528837
33.626588 69.126588 33.626588 -1.873412
33.724340 76.724340 33.724340 -9.275660
33.822092 58.822092 33.822092 8.822092
33.919844 77.419844 33.919844 -9.580156
34.017595 68.517595 34.017595 -0.482405
34.115347 40.615347 34.115347 27.615347
34.213099 81.213099 34.213099 -12.786901
34.310850 34.810850 34.310850 33.810850
34.408602 42.908602 34.408602 25.908602
34.506354 66.506354 34.506354 2.506354
34.604106 45.104106 34.604106 24.104106
34.701857 69.201857 34.701857 0.201857
34.799609 62.799609 34.799609 6.799609
34.897361 74.397361 34.897361 -4.602639
34.995112 48.995112 34.995112 20.995112
35.092864 47.592864 35.092864 22.592864
35.190616 82.190616 35.190616 -11.809384
35.288368 42.788368 35.288368 27.788368
35.386119 46.886119 35.386119 23.886119
35.483871 63.983871 35.483871 6.983871
35.581623 69.081623 35.581623 2.081623
35.679374 50.179374 35.679374 21.179374
35.777126 62.277126 35.777126 9.277126
35.874878 47.374878 35.874878 24.374878
35.972630 64.472630 35.972630 7.472630
36.070381 54.570381 36.070381 17.570381
36.168133 61.168133 36.168133 11.168133
36.265885 58.265885 36.265885 14.265885
36.363636 83.363636 36.363636 -10.636364
36.461388 83.961388 36.461388 -11.038612
36.559140 79.059140 36.559140 -5.940860
36.656891 42.156891 36.656891 31.156891
36.754643 78.254643 36.754643 -4.745357
36.852395 51.352395 36.852395 22.352395
36.950147 63.450147 36.950147 10.450147
37.047898 42.547898 37.047898 31.547898
37.145650 60.145650 37.145650 14.145650
37.243402 52.743402 37.243402 21.743402
37.341153 68.341153 37.341153 6.341153
37.438905 55.438905 37.438905 19.438905
37.536657 68.536657 37.536657 6.536657
37.634409 80.634409 37.634409 -5.365591
37.732160 80.732160 37.732160 -5.267840
37.829912 65.329912 37.829912 10.329912
37.927664 69.927664 37.927664 5.927664
38.025415 54.025415 38.025415 22.025415
38.123167 42.123167 38.123167 34.123167
38.220919 39.220919 38.220919 37.220919
38.318671 70.318671 38.318671 6.318671
38.416422 62.916422 38.416422 13.916422
38.514174 41.014174 38.514174 36.014174
38.611926 66.611926 38.611926 10.611926
38.709677 56.209677 38.709677 21.209677
38.807429 40.307429 38.807429 37.307429
38.905181 71.405181 38.905181 6.405181
39.002933 66.502933 39.002933 11.502933
39.100684 60.100684 39.100684 18.100684
39.198436 79.698436 39.198436 -1.301564
39.296188 47.296188 39.296188 31.296188
39.393939 77.393939 39.393939 1.393939
39.491691 63.991691 39.491691 14.991691
39.589443 61.089443 39.589443 18.089443
39.687195 74.187195 39.687195 5.187195
39.784946 89.784946 39.784946 -10.215054
39.882698 89.382698 39.882698 -9.617302
39.980450 89.980450 39.980450 -10.019550
40.078201 66.078201 40.078201 14.078201
40.175953 73.675953 40.175953 6.675953
40.273705 81.273705 40.273705 -0.726295
40.371457 51.871457 40.371457 28.871457
40.469208 74.469208 40.469208 6.469208
40.566960 66.566960 40.566960 14.566960
40.664712 53.164712 40.664712 28.164712
40.762463 62.762463 40.762463 18.762463
40.860215 72.360215 40.860215 9.360215
40.957967 74.457967 40.957967 7.457967
41.055718 74.055718 41.055718 8.055718
41.153470 87.153470 41.153470 -4.846530
41.251222 71.751222 41.251222 10.751222
41.348974 44.348974 41.348974 38.348974
41.446725 62.446725 41.446725 20.446725
41.544477 65.544477 41.544477 17.544477
41.642229 56.142229 41.642229 27.142229
41.739980 55.739980 41.739980 27.739980
41.837732 71.337732 41.837732 12.337732
41.935484 68.935484 41.935484 14.935484
42.033236 60.033236 42.033236 24.033236
42.130987 69.630987 42.130987 14.630987
42.228739 47.228739 42.228739 37.228739
42.326491 56.826491 42.326491 27.826491
42.424242 67.424242 42.424242 17.424242
42.521994 70.521994 42.521994 14.521994
42.619746 64.119746 42.619746 21.119746
42.717498 68.717498 42.717498 16.717498
42.815249 62.815249 42.815249 22.815249
42.913001 50.413001 42.913001 35.413001
43.010753 87.510753 43.010753 -1.489247
43.108504 61.108504 43.108504 25.108504
43.206256 72.706256 43.206256 13.706256
43.304008 72.804008 43.304008 13.804008
43.401760 74.901760 43.401760 11.901760
43.499511 73.999511 43.499511 12.999511
43.597263 79.097263 43.597263 8.097263
43.695015 80.195015 43.695015 7.195015
43.792766 64.792766 43.792766 22.792766
43.890518 53.390518 43.890518 34.390518
43.988270 45.488270 43.988270 42.488270
44.086022 64.586022 44.086022 23.586022
44.183773 87.683773 44.183773 0.683773
44.281525 88.281525 44.281525 0.281525
44.379277 84.879277 44.379277 3.879277
44.477028 71.977028 44.477028 16.977028
44.574780 79.074780 44.574780 10.074780
44.672532 78.672532 44.672532 10.672532
44.770283 85.770283 44.770283 3.770283
44.868035 51.868035 44.868035 37.868035
44.965787 53.465787 44.965787 36.465787
45.063539 80.563539 45.063539 9.563539
45.161290 63.161290 45.161290 27.161290
45.259042 76.759042 45.259042 13.759042
45.356794 86.856794 45.356794 3.856794
45.454545 58.454545 45.454545 32.454545
45.552297 89.052297 45.552297 2.052297
45.650049 93.650049 45.650049 -2.349951
45.747801 68.747801 45.747801 22.747801
45.845552 62.345552 45.845552 29.345552
45.943304 53.943304 45.943304 37.943304
46.041056 87.041056 46.041056 5.041056
46.138807 86.638807 46.138807 5.638807
46.236559 80.736559 46.236559 11.736559
46.334311 57.834311 46.334311 34.834311
46.432063 63.432063 46.432063 29.432063
46.529814 49.529814 46.529814 43.529814
46.627566 55.127566 46.627566 38.127566
46.725318 66.725318 46.725318 26.725318
46.823069 91.823069 46.823069 1.823069
46.920821 80.420821 46.920821 13.420821
47.018573 63.518573 47.018573 30.518573
47.116325 88.616325 47.116325 5.616325
47.214076 59.714076 47.214076 34.714076
47.311828 92.811828 47.311828 1.811828
47.409580 62.409580 47.409580 32.409580
47.507331 79.007331 47.507331 16.007331
47.605083 88.105083 47.605083 7.105083
47.702835 49.702835 47.702835 45.702835
47.800587 91.800587 47.800587 3.800587
47.898338 97.398338 47.898338 -1.601662
47.996090 80.496090 47.996090 15.496090
48.093842 67.093842 48.093842 29.093842
48.191593 85.191593 48.191593 11.191593
48.289345 94.289345 48.289345 2.289345
48.387097 73.387097 48.387097 23.387097
48.484848 57.984848 48.484848 38.984848
48.582600 72.582600 48.582600 24.582600
48.680352 52.680352 48.680352 44.680352
48.778104 94.778104 48.778104 2.778104
48.875855 74.875855 48.875855 22.875855
48.973607 61.973607 48.973607 35.973607
49.071359 69.571359 49.071359 28.571359
49.169110 97.169110 49.169110 1.169110
49.266862 82.266862 49.266862 16.266862
49.364614 87.864614 49.364614 10.864614
49.462366 55.462366 49.462366 43.462366
49.560117 63.060117 49.560117 36.060117
49.657869 90.657869 49.657869 8.657869
49.755621 87.755621 49.755621 11.755621
49.853372 71.353372 49.853372 28.353372
49.951124 84.451124 49.951124 15.451124
50.048876 84.548876 50.048876 15.548876
50.146628 59.646628 50.146628 40.646628
50.244379 51.244379 50.244379 49.244379
50.342131 51.842131 50.342131 48.842131
50.439883 55.939883 50.439883 44.939883
50.537634 93.037634 50.537634 8.037634
50.635386 56.135386 50.635386 45.135386
50.733138 67.233138 50.733138 34.233138
50.830890 87.330890 50.830890 14.330890
50.928641 69.428641 50.928641 32.428641
51.026393 77.026393 51.026393 25.026393
51.124145 64.124145 51.124145 38.124145
51.221896 80.221896 51.221896 22.221896
51.319648 74.819648 51.319648 27.819648
51.417400 88.417400 51.417400 14.417400
51.515152 57.015152 51.515152 46.015152
51.612903 100.612903 51.612903 2.612903
51.710655 72.710655 51.710655 30.710655
51.808407 91.808407 51.808407 11.808407
51.906158 73.906158 51.906158 29.906158
52.003910 93.003910 52.003910 11.003910
52.101662 76.601662 52.101662 27.601662
52.199413 79.199413 52.199413 25.199413
52.297165 53.297165 52.297165 51.297165
52.394917 82.894917 52.394917 21.894917
52.492669 63.992669 52.492669 40.992669
52.590420 87.590420 52.590420 17.590420
52.688172 78.688172 52.688172 26.688172
52.785924 62.785924 52.785924 42.785924
52.883675 94.883675 52.883675 10.883675
52.981427 57.981427 52.981427 47.981427
53.079179 67.079179 53.079179 39.079179
53.176931 75.676931 53.176931 30.676931
53.274682 82.274682 53.274682 24.274682
53.372434 58.872434 53.372434 47.872434
53.470186 59.470186 53.470186 47.470186
53.567937 54.567937 53.567937 52.567937
53.665689 75.165689 53.665689 32.165689
53.763441 69.263441 53.763441 38.263441
53.861193 67.861193 53.861193 39.861193
53.958944 86.958944 53.958944 20.958944
54.056696 92.556696 54.056696 15.556696
54.154448 100.154448 54.154448 8.154448
54.252199 78.252199 54.252199 30.252199
54.349951 98.349951 54.349951 10.349951
54.447703 58.947703 54.447703 49.947703
54.545455 88.545455 54.545455 20.545455
54.643206 91.643206 54.643206 17.643206
54.740958 74.240958 54.740958 35.240958
54.838710 87.838710 54.838710 21.838710
54.936461 55.936461 54.936461 53.936461
55.034213 85.034213 55.034213 25.034213
55.131965 72.131965 55.131965 38.131965
55.229717 61.229717 55.229717 49.229717
55.327468 88.827468 55.327468 21.827468
55.425220 82.925220 55.425220 27.925220
55.522972 64.522972 55.522972 46.522972
55.620723 75.620723 55.620723 35.620723
55.718475 80.718475 55.718475 30.718475
55.816227 77.816227 55.816227 33.816227
55.913978 87.913978 55.913978 23.913978
56.011730 64.011730 56.011730 48.011730
56.109482 102.609482 56.109482 9.609482
56.207234 100.207234 56.207234 12.207234
56.304985 69.804985 56.304985 42.804985
56.402737 81.902737 56.402737 30.902737
56.500489 81.500489 56.500489 31.500489
56.598240 59.098240 56.598240 54.098240
56.695992 77.195992 56.695992 36.195992
56.793744 75.793744 56.793744 37.793744
56.891496 65.391496 56.891496 48.391496
56.989247 99.489247 56.989247 14.489247
57.086999 90.086999 57.086999 24.086999
57.184751 83.184751 57.184751 31.184751
57.282502 93.782502 57.282502 20.782502
57.380254 61.880254 57.380254 52.880254
57.478006 103.978006 57.478006 10.978006
57.575758 59.575758 57.575758 55.575758
57.673509 69.173509 57.673509 46.173509
57.771261 82.771261 57.771261 32.771261
57.869013 65.369013 57.869013 50.369013
57.966764 70.966764 57.966764 44.966764
58.064516 103.564516 58.064516 12.564516
58.162268 85.162268 58.162268 31.162268
58.260020 101.260020 58.260020 15.260020
58.357771 84.857771 58.357771 31.857771
58.455523 100.955523 58.455523 15.955523
58.553275 70.553275 58.553275 46.553275
58.651026 64.651026 58.651026 52.651026
58.748778 91.248778 58.748778 26.248778
58.846530 64.346530 58.846530 53.346530
58.944282 73.444282 58.944282 44.444282
59.042033 64.042033 59.042033 54.042033
59.139785 73.639785 59.139785 44.639785
59.237537 105.237537 59.237537 13.237537
59.335288 85.335288 59.335288 33.335288
59.433040 72.933040 59.433040 45.933040
59.530792 77.030792 59.530792 42.030792
59.628543 84.628543 59.628543 34.628543
59.726295 99.726295 59.726295 19.726295
59.824047 72.824047 59.824047 46.824047
59.921799 90.921799 59.921799 28.921799
60.019550 110.019550 60.019550 10.019550
60.117302 61.117302 60.117302 59.117302
60.215054 83.215054 60.215054 37.215054
60.312805 86.812805 60.312805 33.812805
60.410557 104.410557 60.410557 16.410557
60.508309 68.508309 60.508309 52.508309
60.606061 70.106061 60.606061 51.106061
60.703812 107.203812 60.703812 14.203812
60.801564 100.301564 60.801564 21.301564
60.899316 68.899316 60.899316 52.899316
60.997067 107.997067 60.997067 13.997067
61.094819 64.594819 61.094819 57.594819
61.192571 80.692571 61.192571 41.692571
61.290323 96.290323 61.290323 26.290323
61.388074 62.888074 61.388074 59.888074
61.485826 105.985826 61.485826 16.985826
61.583578 107.583578 61.583578 15.583578
61.681329 83.681329 61.681329 39.681329
61.779081 73.279081 61.779081 50.279081
61.876833 92.376833 61.876833 31.376833
61.974585 108.474585 61.974585 15.474585
62.072336 94.072336 62.072336 30.072336
62.170088 65.170088 62.170088 59.170088
62.267840 112.267840 62.267840 12.267840
62.365591 77.365591 62.365591 47.365591
62.463343 74.963343 62.463343 49.963343
62.561095 82.061095 62.561095 43.061095
62.658847 76.158847 62.658847 49.158847
62.756598 74.256598 62.756598 51.256598
62.854350 81.354350 62.854350 44.354350
62.952102 71.952102 62.952102 53.952102
63.049853 101.549853 63.049853 24.549853
63.147605 92.647605 63.147605 33.647605
63.245357 79.245357 63.245357 47.245357
63.343109 108.843109 63.343109 17.843109
63.440860 108.440860 63.440860 18.440860
63.538612 85.538612 63.538612 41.538612
63.636364 67.636364 63.636364 59.636364
63.734115 96.234115 63.734115 31.234115
63.831867 105.831867 63.831867 21.831867
63.929619 109.429619 63.929619 18.429619
64.027370 95.527370 64.027370 32.527370
64.125122 85.625122 64.125122 42.625122
64.222874 64.722874 64.222874 63.722874
64.320626 113.320626 64.320626 15.320626
64.418377 91.418377 64.418377 37.418377
64.516129 82.016129 64.516129 47.016129
64.613881 94.613881 64.613881 34.613881
64.711632 109.711632 64.711632 19.711632
64.809384 87.809384 64.809384 41.809384
64.907136 99.907136 64.907136 29.907136
65.004888 111.004888 65.004888 19.004888
65.102639 71.102639 65.102639 59.102639
65.200391 76.700391 65.200391 53.700391
65.298143 89.798143 65.298143 40.798143
65.395894 105.395894 65.395894 25.395894
65.493646 87.993646 65.493646 42.993646
65.591398 74.091398 65.591398 57.091398
65.689150 110.189150 65.689150 21.189150
65.786901 67.286901 65.786901 64.286901
65.884653 83.884653 65.884653 47.884653
65.982405 109.482405 65.982405 22.482405
66.080156 103.080156 66.080156 29.080156
66.177908 99.177908 66.177908 33.177908
66.275660 91.275660 66.275660 41.275660
66.373412 71.373412 66.373412 61.373412
66.471163 79.971163 66.471163 52.971163
66.568915 90.068915 66.568915 43.068915
66.666667 92.666667 66.666667 40.666667
66.764418 96.764418 66.764418 36.764418
66.862170 90.862170 66.862170 42.862170
66.959922 87.959922 66.959922 45.959922
67.057674 93.057674 67.057674 41.057674
67.155425 75.155425 67.155425 59.155425
67.253177 79.753177 67.253177 54.753177
67.350929 77.350929 67.350929 57.350929
67.448680 102.448680 67.448680 32.448680
67.546432 95.046432 67.546432 40.046432
67.644184 73.144184 67.644184 62.144184
67.741935 85.241935 67.741935 50.241935
67.839687 112.339687 67.839687 23.339687
67.937439 73.937439 67.937439 61.937439
68.035191 111.535191 68.035191 24.535191
68.132942 104.132942 68.132942 32.132942
68.230694 76.730694 68.230694 59.730694
68.328446 112.828446 68.328446 23.828446
68.426197 72.426197 68.426197 64.426197
68.523949 104.023949 68.523949 33.023949
68.621701 102.121701 68.621701 35.121701
68.719453 103.219453 68.719453 34.219453
68.817204 118.317204 68.817204 19.317204
68.914956 72.414956 68.914956 65.414956
69.012708 100.512708 69.012708 37.512708
69.110459 93.610459 69.110459 44.610459
69.208211 84.708211 69.208211 53.708211
69.305963 76.805963 69.305963 61.805963
69.403715 117.403715 69.403715 21.403715
69.501466 118.001466 69.501466 21.001466
69.599218 113.599218 69.599218 25.599218
69.696970 107.696970 69.696970 31.696970
69.794721 88.794721 69.794721 50.794721
69.892473 100.892473 69.892473 38.892473
69.990225 105.990225 69.990225 33.990225
70.087977 73.087977 70.087977 67.087977
70.185728 98.685728 70.185728 41.685728
70.283480 97.783480 70.283480 42.783480
70.381232 119.381232 70.381232 21.381232
70.478983 76.478983 70.478983 64.478983
70.576735 102.576735 70.576735 38.576735
70.674487 78.174487 70.674487 63.174487
70.772239 81.772239 70.772239 59.772239
70.869990 72.869990 70.869990 68.869990
70.967742 109.967742 70.967742 31.967742
71.065494 84.065494 71.065494 58.065494
71.163245 110.663245 71.163245 31.663245
71.260997 101.760997 71.260997 40.760997
71.358749 72.858749 71.358749 69.858749
71.456500 116.956500 71.456500 25.956500
71.554252 90.554252 71.554252 52.554252
71.652004 92.652004 71.652004 50.652004
71.749756 118.249756 71.749756 25.249756
71.847507 94.847507 71.847507 48.847507
71.945259 120.445259 71.945259 23.445259
72.043011 82.043011 72.043011 62.043011
72.140762 111.640762 72.140762 32.640762
72.238514 114.238514 72.238514 30.238514
72.336266 111.336266 72.336266 33.336266
72.434018 91.934018 72.434018 52.934018
72.531769 120.031769 72.531769 25.031769
72.629521 100.129521 72.629521 45.129521
72.727273 100.227273 72.727273 45.227273
72.825024 87.825024 72.825024 57.825024
72.922776 110.422776 72.922776 35.422776
73.020528 79.020528 73.020528 67.020528
73.118280 81.618280 73.118280 64.618280
73.216031 123.216031 73.216031 23.216031
73.313783 76.813783 73.313783 69.813783
73.411535 111.411535 73.411535 35.411535
73.509286 95.509286 73.509286 51.509286
73.607038 81.107038 73.607038 66.107038
73.704790 76.704790 73.704790 70.704790
73.802542 122.302542 73.802542 25.302542
73.900293 85.400293 73.900293 62.400293
73.998045 93.498045 73.998045 54.498045
74.095797 81.595797 74.095797 66.595797
74.193548 103.693548 74.193548 44.693548
74.291300 96.291300 74.291300 52.291300
74.389052 79.889052 74.389052 68.889052
74.486804 74.986804 74.486804 73.986804
74.584555 94.584555 74.584555 54.584555
74.682307 119.182307 74.682307 30.182307
74.780059 89.780059 74.780059 59.780059
74.877810 109.377810 74.877810 40.377810
74.975562 111.975562 74.975562 37.975562
75.073314 120.573314 75.073314 29.573314
75.171065 111.671065 75.171065 38.671065
75.268817 107.768817 75.268817 42.768817
75.366569 109.366569 75.366569 41.366569
75.464321 112.464321 75.464321 38.464321
75.562072 120.562072 75.562072 30.562072
75.659824 122.659824 75.659824 28.659824
75.757576 98.257576 75.757576 53.257576
75.855327 93.855327 75.855327 57.855327
75.953079 122.953079 75.953079 28.953079
76.050831 124.050831 76.050831 28.050831
76.148583 79.648583 76.148583 72.648583
76.246334 93.746334 76.246334 58.746334
76.344086 77.344086 76.344086 75.344086
76.441838 96.441838 76.441838 56.441838
76.539589 107.039589 76.539589 46.039589
76.637341 84.137341 76.637341 69.137341
76.735093 97.235093 76.735093 56.235093
76.832845 80.832845 76.832845 72.832845
76.930596 107.930596 76.930596 45.930596
77.028348 94.028348 77.028348 60.028348
77.126100 81.626100 77.126100 72.626100
77.223851 115.223851 77.223851 39.223851
77.321603 114.821603 77.321603 39.821603
77.419355 89.419355 77.419355 65.419355
77.517107 93.517107 77.517107 61.517107
77.614858 86.114858 77.614858 69.114858
77.712610 80.212610 77.712610 75.212610
77.810362 105.810362 77.810362 49.810362
77.908113 111.908113 77.908113 43.908113
78.005865 127.505865 78.005865 28.505865
78.103617 123.103617 78.103617 33.103617
78.201369 85.701369 78.201369 70.701369
78.299120 82.799120 78.299120 73.799120
78.396872 96.396872 78.396872 60.396872
78.494624 121.494624 78.494624 35.494624
78.592375 114.092375 78.592375 43.092375
78.690127 87.190127 78.690127 70.190127
78.787879 88.787879 78.787879 68.787879
78.885630 125.885630 78.885630 31.885630
78.983382 92.483382 78.983382 65.483382
79.081134 81.581134 79.081134 76.581134
79.178886 111.678886 79.178886 46.678886
79.276637 98.776637 79.276637 59.776637
79.374389 114.874389 79.374389 43.874389
79.472141 82.972141 79.472141 75.972141
79.569892 126.569892 79.569892 32.569892
79.667644 92.667644 79.667644 66.667644
79.765396 113.765396 79.765396 45.765396
79.863148 92.863148 79.863148 66.863148
79.960899 127.460899 79.960899 32.460899
80.058651 96.558651 80.058651 63.558651
80.156403 127.156403 80.156403 33.156403
80.254154 93.754154 80.254154 66.754154
80.351906 122.851906 80.351906 37.851906
80.449658 113.449658 80.449658 47.449658
80.547410 112.547410 80.547410 48.547410
80.645161 95.645161 80.645161 65.645161
80.742913 113.742913 80.742913 47.742913
80.840665 129.840665 80.840665 31.840665
80.938416 116.438416 80.938416 45.438416
81.036168 99.036168 81.036168 63.036168
81.133920 118.633920 81.133920 43.633920
81.231672 96.231672 81.231672 66.231672
81.329423 105.329423 81.329423 57.329423
81.427175 119.427175 81.427175 43.427175
81.524927 109.024927 81.524927 54.024927
81.622678 122.122678 81.622678 41.122678
81.720430 89.720430 81.720430 73.720430
81.818182 92.318182 81.818182 71.318182
81.915934 120.415934 81.915934 43.415934
82.013685 97.013685 82.013685 67.013685
82.111437 107.111437 82.111437 57.111437
82.209189 114.209189 82.209189 50.209189
82.306940 103.806940 82.306940 60.806940
82.404692 92.404692 82.404692 72.404692
82.502444 86.002444 82.502444 79.002444
82.600196 88.100196 82.600196 77.100196
82.697947 104.697947 82.697947 60.697947
82.795699 102.295699 82.795699 63.295699
82.893451 95.893451 82.893451 69.893451
82.991202 115.491202 82.991202 50.491202
83.088954 115.588954 83.088954 50.588954
83.186706 114.686706 83.186706 51.686706
83.284457 85.284457 83.284457 81.284457
83.382209 95.882209 83.382209 70.882209
83.479961 119.479961 83.479961 47.479961
83.577713 120.577713 83.577713 46.577713
83.675464 128.175464 83.675464 39.175464
83.773216 110.773216 83.773216 56.773216
83.870968 93.870968 83.870968 73.870968
83.968719 122.968719 83.968719 44.968719
84.066471 115.066471 84.066471 53.066471
84.164223 131.164223 84.164223 37.164223
84.261975 109.261975 84.261975 59.261975
84.359726 102.359726 84.359726 66.359726
84.457478 125.457478 84.457478 43.457478
84.555230 101.055230 84.555230 68.055230
84.652981 133.652981 84.652981 35.652981
84.750733 103.750733 84.750733 65.750733
84.848485 89.848485 84.848485 79.848485
84.946237 86.446237 84.946237 83.446237
85.043988 111.543988 85.043988 58.543988
85.141740 90.141740 85.141740 80.141740
85.239492 131.239492 85.239492 39.239492
85.337243 121.837243 85.337243 48.837243
85.434995 108.434995 85.434995 62.434995
85.532747 99.532747 85.532747 71.532747
85.630499 127.630499 85.630499 43.630499
85.728250 88.728250 85.728250 82.728250
85.826002 113.826002 85.826002 57.826002
85.923754 115.923754 85.923754 55.923754
86.021505 101.521505 86.021505 70.521505
86.119257 104.619257 86.119257 67.619257
86.217009 136.217009 86.217009 36.217009
86.314761 117.314761 86.314761 55.314761
86.412512 127.412512 86.412512 45.412512
86.510264 117.010264 86.510264 56.010264
86.608016 89.608016 86.608016 83.608016
86.705767 89.705767 86.705767 83.705767
86.803519 108.803519 86.803519 64.803519
86.901271 121.401271 86.901271 52.401271
86.999022 120.999022 86.999022 52.999022
87.096774 105.096774 87.096774 69.096774
87.194526 112.194526 87.194526 62.194526
87.292278 96.292278 87.292278 78.292278
87.390029 93.390029 87.390029 81.390029
87.487781 116.487781 87.487781 58.487781
87.585533 106.585533 87.585533 68.585533
87.683284 105.683284 87.683284 69.683284
87.781036 92.781036 87.781036 82.781036
87.878788 137.378788 87.878788 38.378788
87.976540 109.476540 87.976540 66.476540
88.074291 126.574291 88.074291 49.574291
88.172043 125.672043 88.172043 50.672043
88.269795 131.769795 88.269795 44.769795
88.367546 128.867546 88.367546 47.867546
88.465298 114.965298 88.465298 61.965298
88.563050 101.563050 88.563050 75.563050
88.660802 133.160802 88.660802 44.160802
88.758553 131.258553 88.758553 46.258553
88.856305 90.356305 88.856305 87.356305
88.954057 92.454057 88.954057 85.454057
89.051808 123.551808 89.051808 54.551808
89.149560 102.649560 89.149560 75.649560
89.247312 90.747312 89.247312 87.747312
89.345064 119.345064 89.345064 59.345064
89.442815 91.442815 89.442815 87.442815
89.540567 95.040567 89.540567 84.040567
89.638319 108.138319 89.638319 71.138319
89.736070 90.236070 89.736070 89.236070
89.833822 113.333822 89.833822 66.333822
89.931574 95.931574 89.931574 83.931574
90.029326 126.029326 90.029326 54.029326
90.127077 123.627077 90.127077 56.627077
90.224829 118.224829 90.224829 62.224829
90.322581 118.822581 90.322581 61.822581
90.420332 113.920332 90.420332 66.920332
90.518084 109.518084 90.518084 71.518084
90.615836 92.615836 90.615836 88.615836
90.713587 134.213587 90.713587 47.213587
90.811339 139.311339 90.811339 42.311339
90.909091 136.409091 90.909091 45.409091
91.006843 129.006843 91.006843 53.006843
91.104594 105.604594 91.104594 76.604594
91.202346 107.702346 91.202346 74.702346
91.300098 115.300098 91.300098 67.300098
91.397849 119.897849 91.397849 62.897849
91.495601 121.995601 91.495601 60.995601
91.593353 103.593353 91.593353 79.593353
91.691105 120.691105 91.691105 62.691105
91.788856 110.288856 91.788856 73.288856
91.886608 105.886608 91.886608 77.886608
91.984360 141.484360 91.984360 42.484360
92.082111 124.582111 92.082111 59.582111
92.179863 112.179863 92.179863 72.179863
92.277615 98.277615 92.277615 86.277615
92.375367 107.875367 92.375367 76.875367
92.473118 94.973118 92.473118 89.973118
92.570870 112.070870 92.570870 73.070870
92.668622 129.168622 92.668622 56.168622
92.766373 131.766373 92.766373 53.766373
92.864125 98.364125 92.864125 87.364125
92.961877 138.961877 92.961877 46.961877
93.059629 127.559629 93.059629 58.559629
93.157380 99.157380 93.157380 87.157380
93.255132 131.255132 93.255132 55.255132
93.352884 130.852884 93.352884 55.852884
93.450635 134.450635 93.450635 52.450635
93.548387 123.548387 93.548387 63.548387
93.646139 122.146139 93.646139 65.146139
93.743891 135.243891 93.743891 52.243891
93.841642 142.341642 93.841642 45.341642
93.939394 96.439394 93.939394 91.439394
94.037146 102.537146 94.037146 85.537146
94.134897 136.134897 94.134897 52.134897
94.232649 95.232649 94.232649 93.232649
94.330401 127.330401 94.330401 61.330401
94.428152 137.428152 94.428152 51.428152
94.525904 113.025904 94.525904 76.025904
94.623656 131.123656 94.623656 58.123656
94.721408 114.221408 94.721408 75.221408
94.819159 141.819159 94.819159 47.819159
94.916911 118.916911 94.916911 70.916911
95.014663 121.514663 95.014663 68.514663
95.112414 97.112414 95.112414 93.112414
95.210166 106.710166 95.210166 83.710166
95.307918 135.807918 95.307918 54.807918
95.405670 101.405670 95.405670 89.405670
95.503421 118.003421 95.503421 73.003421
95.601173 129.601173 95.601173 61.601173
95.698925 119.198925 95.698925 72.198925
95.796676 97.296676 95.796676 94.296676
95.894428 130.894428 95.894428 60.894428
95.992180 107.492180 95.992180 84.492180
96.089932 107.089932 96.089932 85.089932
96.187683 100.687683 96.187683 91.687683
96.285435 123.785435 96.285435 68.785435
96.383187 126.383187 96.383187 66.383187
96.480938 100.480938 96.480938 92.480938
96.578690 106.078690 96.578690 87.078690
96.676442 117.676442 96.676442 75.676442
96.774194 105.274194 96.774194 88.274194
96.871945 141.371945 96.871945 52.371945
96.969697 142.969697 96.969697 50.969697
97.067449 119.067449 97.067449 75.067449
97.165200 104.165200 97.165200 90.165200
97.262952 122.762952 97.262952 71.762952
97.360704 137.360704 97.360704 57.360704
97.458456 127.458456 97.458456 67.458456
97.556207 132.056207 97.556207 63.056207
97.653959 121.153959 97.653959 74.153959
97.751711 133.751711 97.751711 61.751711
97.849462 112.349462 97.849462 83.349462
97.947214 99.447214 97.947214 96.447214
98.044966 123.044966 98.044966 73.044966
98.142717 108.142717 98.142717 88.142717
98.240469 146.740469 98.240469 49.740469
98.338221 136.838221 98.338221 59.838221
98.435973 129.435973 98.435973 67.435973
98.533724 118.033724 98.533724 79.033724
98.631476 144.631476 98.631476 52.631476
98.729228 125.729228 98.729228 71.729228
98.826979 136.326979 98.826979 61.326979
98.924731 119.424731 98.924731 78.424731
99.022483 116.522483 99.022483 81.522483
99.120235 136.620235 99.120235 61.620235
99.217986 139.717986 99.217986 58.717986
99.315738 119.315738 99.315738 79.315738
99.413490 138.413490 99.413490 60.413490
99.511241 125.011241 99.511241 74.011241
99.608993 119.608993 99.608993 79.608993
99.706745 119.206745 99.706745 80.206745
99.804497 144.304497 99.804497 55.304497
99.902248 136.902248 99.902248 62.902248
100.000000 138.500000 100.000000 61.500000