0.000000 49.000000 0.000000 -49.000000
6.666667 14.166667 6.666667 -0.833333
13.333333 49.333333 13.333333 -22.666667
20.000000 34.500000 20.000000 5.500000
26.666667 57.166667 26.666667 -3.833333
33.333333 56.833333 33.333333 9.833333
40.000000 68.500000 40.000000 11.500000
46.666667 92.666667 46.666667 0.666667
53.333333 74.333333 53.333333 32.333333
60.000000 64.500000 60.000000 55.500000
66.666667 105.166667 66.666667 28.166667
73.333333 92.333333 73.333333 54.333333
80.000000 104.500000 80.000000 55.500000
86.666667 101.666667 86.666667 71.666667
93.333333 124.333333 93.333333 62.333333
100.000000 142.500000 100.000000 57.500000