0.000000 3.500000 0.000000 -3.500000
0.195695 35.695695 0.195695 -35.304305
0.391389 16.391389 0.391389 -15.608611
0.587084 40.087084 0.587084 -38.912916
0.782779 10.282779 0.782779 -8.717221
0.978474 2.478474 0.978474 -0.521526
1.174168 40.174168 1.174168 -37.825832
1.369863 22.369863 1.369863 -19.630137
1.565558 26.065558 1.565558 -22.934442
1.761252 14.261252 1.761252 -10.738748
1.956947 20.956947 1.956947 -17.043053
2.152642 44.652642 2.152642 -40.347358
2.348337 46.848337 2.348337 -42.151663
2.544031 15.044031 2.544031 -9.955969
2.739726 37.739726 2.739726 -32.260274
2.935421 16.435421 2.935421 -10.564579
3.131115 25.631115 3.131115 -19.368885
3.326810 8.326810 3.326810 -1.673190
3.522505 18.522505 3.522505 -11.477495
3.718200 52.218200 3.718200 -44.781800
3.913894 24.913894 3.913894 -17.086106
4.109589 50.609589 4.109589 -42.390411
4.305284 35.805284 4.305284 -27.194716
4.500978 40.000978 4.500978 -30.999022
4.696673 32.696673 4.696673 -23.303327
4.892368 24.392368 4.892368 -14.607632
5.088063 28.088063 5.088063 -17.911937
5.283757 50.783757 5.283757 -40.216243
5.479452 39.479452 5.479452 -28.520548
5.675147 11.675147 5.675147 -0.324853
5.870841 24.370841 5.870841 -12.629159
6.066536 48.566536 6.066536 -36.433464
6.262231 20.262231 6.262231 -7.737769
6.457926 28.457926 6.457926 -15.542074
6.653620 22.653620 6.653620 -9.346380
6.849315 13.349315 6.849315 0.349315
7.045010 39.545010 7.045010 -25.454990
7.240705 42.240705 7.240705 -27.759295
7.436399 54.436399 7.436399 -39.563601
7.632094 46.632094 7.632094 -31.367906
7.827789 24.327789 7.827789 -8.672211
8.023483 38.523483 8.023483 -22.476517
8.219178 15.719178 8.219178 0.719178
8.414873 8.914873 8.414873 7.914873
8.610568 30.110568 8.610568 -12.889432
8.806262 53.806262 8.806262 -36.193738
9.001957 17.001957 9.001957 1.001957
9.197652 25.197652 9.197652 -6.802348
9.393346 57.893346 9.393346 -39.106654
9.589041 58.089041 9.589041 -38.910959
9.784736 52.784736 9.784736 -33.215264
9.980431 54.980431 9.980431 -35.019569
10.176125 27.176125 10.176125 -6.823875
10.371820 54.371820 10.371820 -33.628180
10.567515 24.067515 10.567515 -2.932485
10.763209 50.263209 10.763209 -28.736791
10.958904 38.958904 10.958904 -17.041096
11.154599 14.654599 11.154599 7.654599
11.350294 41.850294 11.350294 -19.149706
11.545988 49.545988 11.545988 -26.454012
11.741683 59.741683 11.741683 -36.258317
11.937378 15.437378 11.937378 8.437378
12.133072 23.133072 12.133072 1.133072
12.328767 49.828767 12.328767 -25.171233
12.524462 46.524462 12.524462 -21.475538
12.720157 41.220157 12.720157 -15.779843
12.915851 20.415851 12.915851 5.415851
13.111546 61.611546 13.111546 -35.388454
13.307241 63.307241 13.307241 -36.692759
13.502935 29.002935 13.502935 -1.997065
13.698630 16.698630 13.698630 10.698630
13.894325 62.394325 13.894325 -34.605675
14.090020 35.590020 14.090020 -7.409980
14.285714 25.285714 14.285714 3.285714
14.481409 30.481409 14.481409 -1.518591
14.677104 61.677104 14.677104 -32.322896
14.872798 63.872798 14.872798 -34.127202
15.068493 19.568493 15.068493 10.568493
15.264188 63.764188 15.264188 -33.235812
15.459883 46.459883 15.459883 -15.540117
15.655577 56.155577 15.655577 -24.844423
15.851272 62.851272 15.851272 -31.148728
16.046967 20.046967 16.046967 12.046967
16.242661 64.242661 16.242661 -31.757339
16.438356 28.938356 16.438356 3.938356
16.634051 27.634051 16.634051 5.634051
16.829746 22.329746 16.829746 11.329746
17.025440 44.025440 17.025440 -9.974560
17.221135 30.221135 17.221135 4.221135
17.416830 59.416830 17.416830 -24.583170
17.612524 22.612524 17.612524 12.612524
17.808219 57.808219 17.808219 -22.191781
18.003914 46.503914 18.003914 -10.496086
18.199609 18.699609 18.199609 17.699609
18.395303 45.395303 18.395303 -8.604697
18.590998 29.590998 18.590998 7.590998
18.786693 48.286693 18.786693 -10.713307
18.982387 42.482387 18.982387 -4.517613
19.178082 53.678082 19.178082 -15.321918
19.373777 31.873777 19.373777 6.873777
19.569472 66.569472 19.569472 -27.430528
19.765166 54.265166 19.765166 -14.734834
19.960861 66.960861 19.960861 -27.039139
20.156556 41.156556 20.156556 -0.843444
20.352250 61.352250 20.352250 -20.647750
20.547945 43.047945 20.547945 -1.952055
20.743640 59.243640 20.743640 -17.756360
20.939335 21.439335 20.939335 20.439335
21.135029 71.135029 21.135029 -28.864971
21.330724 25.330724 21.330724 17.330724
21.526419 30.026419 21.526419 13.026419
21.722114 47.722114 21.722114 -4.277886
21.917808 60.917808 21.917808 -17.082192
22.113503 40.113503 22.113503 4.113503
22.309198 37.309198 22.309198 7.309198
22.504892 30.504892 22.504892 14.504892
22.700587 68.200587 22.700587 -22.799413
22.896282 36.896282 22.896282 8.896282
23.091977 40.591977 23.091977 5.591977
23.287671 25.787671 23.287671 20.787671
23.483366 33.983366 23.483366 12.983366
23.679061 50.179061 23.679061 -2.820939
23.874755 35.874755 23.874755 11.874755
24.070450 54.070450 24.070450 -5.929550
24.266145 65.266145 24.266145 -16.733855
24.461840 43.961840 24.461840 4.961840
24.657534 64.157534 24.657534 -14.842466
24.853229 60.853229 24.853229 -11.146771
25.048924 75.048924 25.048924 -24.951076
25.244618 26.744618 25.244618 23.744618
25.440313 58.440313 25.440313 -7.559687
25.636008 52.636008 25.636008 -1.363992
25.831703 73.831703 25.831703 -22.168297
26.027397 61.027397 26.027397 -8.972603
26.223092 49.723092 26.223092 2.723092
26.418787 41.418787 26.418787 11.418787
26.614481 48.114481 26.614481 5.114481
26.810176 46.810176 26.810176 6.810176
27.005871 32.505871 27.005871 21.505871
27.201566 51.201566 27.201566 3.201566
27.397260 66.397260 27.397260 -11.602740
27.592955 51.592955 27.592955 3.592955
27.788650 43.788650 27.788650 11.788650
27.984344 47.484344 27.984344 8.484344
28.180039 63.680039 28.180039 -7.319961
28.375734 73.375734 28.375734 -16.624266
28.571429 66.571429 28.571429 -9.428571
28.767123 35.767123 28.767123 21.767123
28.962818 34.962818 28.962818 22.962818
29.158513 34.158513 29.158513 24.158513
29.354207 43.354207 29.354207 15.354207
29.549902 32.049902 29.549902 27.049902
29.745597 38.245597 29.745597 21.245597
29.941292 78.441292 29.941292 -18.558708
30.136986 39.136986 30.136986 21.136986
30.332681 53.832681 30.332681 6.832681
30.528376 67.028376 30.528376 -5.971624
30.724070 55.724070 30.724070 5.724070
30.919765 59.419765 30.919765 2.419765
31.115460 69.115460 31.115460 -6.884540
31.311155 79.811155 31.311155 -17.188845
31.506849 51.506849 31.506849 11.506849
31.702544 64.702544 31.702544 -1.297456
31.898239 34.898239 31.898239 28.898239
32.093933 77.093933 32.093933 -12.906067
32.289628 76.789628 32.289628 -12.210372
32.485323 82.485323 32.485323 -17.514677
32.681018 52.181018 32.681018 13.181018
32.876712 50.376712 32.876712 15.376712
33.072407 68.572407 33.072407 -2.427593
33.268102 64.268102 33.268102 2.268102
33.463796 76.463796 33.463796 -9.536204
33.659491 81.159491 33.659491 -13.840509
33.855186 83.355186 33.855186 -15.644814
34.050881 79.550881 34.050881 -11.449119
34.246575 36.246575 34.246575 32.246575
34.442270 38.942270 34.442270 29.942270
34.637965 53.137965 34.637965 16.137965
34.833659 40.333659 34.833659 29.333659
35.029354 55.029354 35.029354 15.029354
35.225049 72.225049 35.225049 -1.774951
35.420744 79.420744 35.420744 -8.579256
35.616438 52.116438 35.616438 19.116438
35.812133 81.312133 35.812133 -9.687867
36.007828 68.507828 36.007828 3.507828
36.203523 57.203523 36.203523 15.203523
36.399217 77.899217 36.399217 -5.100783
36.594912 86.094912 36.594912 -12.905088
36.790607 55.790607 36.790607 17.790607
36.986301 61.486301 36.986301 12.486301
37.181996 68.181996 37.181996 6.181996
37.377691 57.877691 37.377691 16.877691
37.573386 69.073386 37.573386 6.073386
37.769080 68.269080 37.769080 7.269080
37.964775 78.464775 37.964775 -2.535225
38.160470 68.160470 38.160470 8.160470
38.356164 52.356164 38.356164 24.356164
38.551859 62.051859 38.551859 15.051859
38.747554 60.747554 38.747554 16.747554
38.943249 56.943249 38.943249 20.943249
39.138943 85.138943 39.138943 -6.861057
39.334638 56.834638 39.334638 21.834638
39.530333 66.530333 39.530333 12.530333
39.726027 50.226027 39.726027 29.226027
39.921722 64.921722 39.921722 14.921722
40.117417 48.617417 40.117417 31.617417
40.313112 66.813112 40.313112 13.813112
40.508806 76.508806 40.508806 4.508806
40.704501 55.704501 40.704501 25.704501
40.900196 70.900196 40.900196 10.900196
41.095890 83.595890 41.095890 -1.404110
41.291585 86.791585 41.291585 -4.208415
41.487280 80.487280 41.487280 2.487280
41.682975 52.682975 41.682975 30.682975
41.878669 73.878669 41.878669 9.878669
42.074364 78.074364 42.074364 6.074364
42.270059 42.770059 42.270059 41.770059
42.465753 72.965753 42.465753 11.965753
42.661448 90.161448 42.661448 -4.838552
42.857143 47.357143 42.857143 38.357143
43.052838 54.552838 43.052838 31.552838
43.248532 89.748532 43.248532 -3.251468
43.444227 53.944227 43.444227 32.944227
43.639922 59.139922 43.639922 28.139922
43.835616 77.835616 43.835616 9.835616
44.031311 55.031311 44.031311 33.031311
44.227006 67.227006 44.227006 21.227006
44.422701 70.422701 44.422701 18.422701
44.618395 66.118395 44.618395 23.118395
44.814090 69.814090 44.814090 19.814090
45.009785 54.509785 45.009785 35.509785
45.205479 50.705479 45.205479 39.705479
45.401174 92.901174 45.401174 -2.098826
45.596869 52.096869 45.596869 39.096869
45.792564 62.792564 45.792564 28.792564
45.988258 86.488258 45.988258 5.488258
46.183953 53.683953 46.183953 38.683953
46.379648 73.879648 46.379648 18.879648
46.575342 90.075342 46.575342 3.075342
46.771037 94.271037 46.771037 -0.728963
46.966732 69.966732 46.966732 23.966732
47.162427 60.662427 47.162427 33.662427
47.358121 56.858121 47.358121 37.858121
47.553816 82.553816 47.553816 12.553816
47.749511 54.249511 47.749511 41.249511
47.945205 55.945205 47.945205 39.945205
48.140900 83.640900 48.140900 12.640900
48.336595 68.836595 48.336595 27.836595
48.532290 61.032290 48.532290 36.032290
48.727984 63.727984 48.727984 33.727984
48.923679 75.923679 48.923679 21.923679
49.119374 57.619374 49.119374 40.619374
49.315068 50.315068 49.315068 48.315068
49.510763 50.010763 49.510763 49.010763
49.706458 75.206458 49.706458 24.206458
49.902153 95.902153 49.902153 3.902153
50.097847 97.597847 50.097847 2.597847
50.293542 67.793542 50.293542 32.793542
50.489237 77.989237 50.489237 22.989237
50.684932 68.184932 50.684932 33.184932
50.880626 76.380626 50.880626 25.380626
51.076321 55.576321 51.076321 46.576321
51.272016 65.272016 51.272016 37.272016
51.467710 70.467710 51.467710 32.467710
51.663405 91.163405 51.663405 12.163405
51.859100 59.359100 51.859100 44.359100
52.054795 72.054795 52.054795 32.054795
52.250489 98.750489 52.250489 5.750489
52.446184 64.946184 52.446184 39.946184
52.641879 89.641879 52.641879 15.641879
52.837573 68.337573 52.837573 37.337573
53.033268 77.033268 53.033268 29.033268
53.228963 86.228963 53.228963 20.228963
53.424658 87.924658 53.424658 18.924658
53.620352 75.620352 53.620352 31.620352
53.816047 55.316047 53.816047 52.316047
54.011742 75.011742 54.011742 33.011742
54.207436 96.707436 54.207436 11.707436
54.403131 100.403131 54.403131 8.403131
54.598826 83.598826 54.598826 25.598826
54.794521 97.294521 54.794521 12.294521
54.990215 72.990215 54.990215 36.990215
55.185910 98.185910 55.185910 12.185910
55.381605 100.381605 55.381605 10.381605
55.577299 87.077299 55.577299 24.077299
55.772994 75.772994 55.772994 35.772994
55.968689 68.968689 55.968689 42.968689
56.164384 106.164384 56.164384 6.164384
56.360078 88.360078 56.360078 24.360078
56.555773 94.555773 56.555773 18.555773
56.751468 100.751468 56.751468 12.751468
56.947162 80.447162 56.947162 33.447162
57.142857 71.142857 57.142857 43.142857
57.338552 81.338552 57.338552 33.338552
57.534247 59.034247 57.534247 56.034247
57.729941 69.229941 57.729941 46.229941
57.925636 85.425636 57.925636 30.425636
58.121331 78.121331 58.121331 38.121331
58.317025 96.317025 58.317025 20.317025
58.512720 100.512720 58.512720 16.512720
58.708415 86.708415 58.708415 30.708415
58.904110 87.404110 58.904110 30.404110
59.099804 89.099804 59.099804 29.099804
59.295499 87.795499 59.295499 30.795499
59.491194 83.491194 59.491194 35.491194
59.686888 77.186888 59.686888 42.186888
59.882583 100.882583 59.882583 18.882583
60.078278 100.078278 60.078278 20.078278
60.273973 74.773973 60.273973 45.773973
60.469667 71.469667 60.469667 49.469667
60.665362 73.665362 60.665362 47.665362
60.861057 71.861057 60.861057 49.861057
61.056751 89.056751 61.056751 33.056751
61.252446 87.752446 61.252446 34.752446
61.448141 76.948141 61.448141 45.948141
61.643836 103.643836 61.643836 19.643836
61.839530 65.839530 61.839530 57.839530
62.035225 82.535225 62.035225 41.535225
62.230920 107.730920 62.230920 16.730920
62.426614 106.426614 62.426614 18.426614
62.622309 74.122309 62.622309 51.122309
62.818004 74.818004 62.818004 50.818004
63.013699 110.013699 63.013699 16.013699
63.209393 96.209393 63.209393 30.209393
63.405088 77.905088 63.405088 48.905088
63.600783 69.600783 63.600783 57.600783
63.796477 99.296477 63.796477 28.296477
63.992172 92.992172 63.992172 34.992172
64.187867 70.687867 64.187867 57.687867
64.383562 72.883562 64.383562 55.883562
64.579256 101.079256 64.579256 28.079256
64.774951 66.274951 64.774951 63.274951
64.970646 78.470646 64.970646 51.470646
65.166341 113.666341 65.166341 16.666341
65.362035 66.862035 65.362035 63.862035
65.557730 105.557730 65.557730 25.557730
65.753425 105.253425 65.753425 26.253425
65.949119 70.949119 65.949119 60.949119
66.144814 102.144814 66.144814 30.144814
66.340509 68.840509 66.340509 63.840509
66.536204 70.036204 66.536204 63.036204
66.731898 106.231898 66.731898 27.231898
66.927593 105.927593 66.927593 27.927593
67.123288 116.623288 67.123288 17.623288
67.318982 114.818982 67.318982 19.818982
67.514677 104.514677 67.514677 30.514677
67.710372 115.710372 67.710372 19.710372
67.906067 74.406067 67.906067 61.406067
68.101761 101.601761 68.101761 34.601761
68.297456 87.797456 68.297456 48.797456
68.493151 95.493151 68.493151 41.493151
68.688845 115.688845 68.688845 21.688845
68.884540 113.884540 68.884540 23.884540
69.080235 80.580235 69.080235 57.580235
69.275930 73.775930 69.275930 64.775930
69.471624 80.471624 69.471624 58.471624
69.667319 104.167319 69.667319 35.167319
69.863014 91.863014 69.863014 47.863014
70.058708 94.558708 70.058708 45.558708
70.254403 106.754403 70.254403 33.754403
70.450098 86.450098 70.450098 54.450098
70.645793 112.645793 70.645793 28.645793
70.841487 111.841487 70.841487 29.841487
71.037182 86.537182 71.037182 55.537182
71.232877 112.232877 71.232877 30.232877
71.428571 72.928571 71.428571 69.928571
71.624266 113.624266 71.624266 29.624266
71.819961 96.319961 71.819961 47.319961
72.015656 77.515656 72.015656 66.515656
72.211350 101.211350 72.211350 43.211350
72.407045 80.407045 72.407045 64.407045
72.602740 118.602740 72.602740 26.602740
72.798434 109.298434 72.798434 36.298434
72.994129 80.494129 72.994129 65.494129
73.189824 83.689824 73.189824 62.689824
73.385519 98.385519 73.385519 48.385519
73.581213 88.581213 73.581213 58.581213
73.776908 107.276908 73.776908 40.276908
73.972603 79.472603 73.972603 68.472603
74.168297 112.668297 74.168297 35.668297
74.363992 89.363992 74.363992 59.363992
74.559687 83.059687 74.559687 66.059687
74.755382 87.755382 74.755382 61.755382
74.951076 123.951076 74.951076 25.951076
75.146771 85.646771 75.146771 64.646771
75.342466 120.842466 75.342466 29.842466
75.538160 84.038160 75.538160 67.038160
75.733855 99.733855 75.733855 51.733855
75.929550 122.929550 75.929550 28.929550
76.125245 83.125245 76.125245 69.125245
76.320939 115.820939 76.320939 36.820939
76.516634 110.016634 76.516634 43.016634
76.712329 113.712329 76.712329 39.712329
76.908023 85.908023 76.908023 67.908023
77.103718 95.603718 77.103718 58.603718
77.299413 112.799413 77.299413 41.799413
77.495108 98.495108 77.495108 56.495108
77.690802 90.190802 77.690802 65.190802
77.886497 122.386497 77.886497 33.386497
78.082192 113.082192 78.082192 43.082192
78.277886 112.777886 78.277886 43.777886
78.473581 80.473581 78.473581 76.473581
78.669276 111.169276 78.669276 46.169276
78.864971 81.864971 78.864971 75.864971
79.060665 116.060665 79.060665 42.060665
79.256360 128.756360 79.256360 29.756360
79.452055 114.952055 79.452055 43.952055
79.647750 117.147750 79.647750 42.147750
79.843444 108.843444 79.843444 50.843444
80.039139 127.539139 80.039139 32.539139
80.234834 85.234834 80.234834 75.234834
80.430528 126.430528 80.430528 34.430528
80.626223 105.126223 80.626223 56.126223
80.821918 97.821918 80.821918 63.821918
81.017613 124.017613 81.017613 38.017613
81.213307 82.713307 81.213307 79.713307
81.409002 92.409002 81.409002 70.409002
81.604697 106.104697 81.604697 57.104697
81.800391 126.800391 81.800391 36.800391
81.996086 118.496086 81.996086 45.496086
82.191781 125.691781 82.191781 38.691781
82.387476 102.887476 82.387476 61.887476
82.583170 87.583170 82.583170 77.583170
82.778865 84.278865 82.778865 81.278865
82.974560 108.974560 82.974560 56.974560
83.170254 108.670254 83.170254 57.670254
83.365949 122.865949 83.365949 43.865949
83.561644 124.561644 83.561644 42.561644
83.757339 120.757339 83.757339 46.757339
83.953033 122.953033 83.953033 44.953033
84.148728 101.148728 84.148728 67.148728
84.344423 113.844423 84.344423 54.844423
84.540117 125.040117 84.540117 44.040117
84.735812 93.235812 84.735812 76.235812
84.931507 114.931507 84.931507 54.931507
85.127202 132.627202 85.127202 37.627202
85.322896 107.322896 85.322896 63.322896
85.518591 99.018591 85.518591 72.018591
85.714286 132.714286 85.714286 38.714286
85.909980 94.909980 85.909980 76.909980
86.105675 136.105675 86.105675 36.105675
86.301370 122.801370 86.301370 49.801370
86.497065 112.997065 86.497065 59.997065
86.692759 101.192759 86.692759 72.192759
86.888454 93.388454 86.888454 80.388454
87.084149 94.084149 87.084149 80.084149
87.279843 124.779843 87.279843 49.779843
87.475538 104.975538 87.475538 69.975538
87.671233 106.671233 87.671233 68.671233
87.866928 108.366928 87.866928 67.366928
88.062622 130.062622 88.062622 46.062622
88.258317 119.258317 88.258317 57.258317
88.454012 97.454012 88.454012 79.454012
88.649706 93.649706 88.649706 83.649706
88.845401 101.345401 88.845401 76.345401
89.041096 93.541096 89.041096 84.541096
89.236791 98.236791 89.236791 80.236791
89.432485 98.932485 89.432485 79.932485
89.628180 104.628180 89.628180 74.628180
89.823875 121.323875 89.823875 58.323875
90.019569 128.519569 90.019569 51.519569
90.215264 116.215264 90.215264 64.215264
90.410959 124.910959 90.410959 55.910959
90.606654 106.106654 90.606654 75.106654
90.802348 105.802348 90.802348 75.802348
90.998043 110.498043 90.998043 71.498043
91.193738 106.693738 91.193738 75.693738
91.389432 112.389432 91.389432 70.389432
91.585127 114.585127 91.585127 68.585127
91.780822 103.780822 91.780822 79.780822
91.976517 137.976517 91.976517 45.976517
92.172211 133.672211 92.172211 50.672211
92.367906 140.367906 92.367906 44.367906
92.563601 134.063601 92.563601 51.063601
92.759295 104.759295 92.759295 80.759295
92.954990 123.454990 92.954990 62.454990
93.150685 120.650685 93.150685 65.650685
93.346380 132.346380 93.346380 54.346380
93.542074 137.542074 93.542074 49.542074
93.737769 112.237769 93.737769 75.237769
93.933464 134.933464 93.933464 52.933464
94.129159 130.129159 94.129159 58.129159
94.324853 129.324853 94.324853 59.324853
94.520548 106.520548 94.520548 82.520548
94.716243 101.716243 94.716243 87.716243
94.911937 109.911937 94.911937 79.911937
95.107632 101.607632 95.107632 88.607632
95.303327 114.803327 95.303327 75.803327
95.499022 143.999022 95.499022 46.999022
95.694716 107.194716 95.694716 84.194716
95.890411 110.390411 95.890411 81.390411
96.086106 132.586106 96.086106 59.586106
96.281800 103.781800 96.281800 88.781800
96.477495 138.977495 96.477495 53.977495
96.673190 135.173190 96.673190 58.173190
96.868885 137.868885 96.868885 55.868885
97.064579 142.064579 97.064579 52.064579
97.260274 141.760274 97.260274 52.760274
97.455969 98.455969 97.455969 96.455969
97.651663 125.651663 97.651663 69.651663
97.847358 136.847358 97.847358 58.847358
98.043053 102.043053 98.043053 94.043053
98.238748 110.738748 98.238748 85.738748
98.434442 121.434442 98.434442 75.434442
98.630137 122.130137 98.630137 75.130137
98.825832 143.325832 98.825832 54.325832
99.021526 112.521526 99.021526 85.521526
99.217221 105.717221 99.217221 92.717221
99.412916 111.412916 99.412916 87.412916
99.608611 112.608611 99.608611 86.608611
99.804305 103.804305 99.804305 95.804305
100.000000 134.000000 100.000000 66.000000