0.000000 32.000000 0.000000 -32.000000
3.225806 28.225806 3.225806 -21.774194
6.451613 52.951613 6.451613 -40.048387
9.677419 27.177419 9.677419 -7.822581
12.903226 14.403226 12.903226 11.403226
16.129032 18.629032 16.129032 13.629032
19.354839 59.354839 19.354839 -20.645161
22.580645 71.580645 22.580645 -26.419355
25.806452 63.306452 25.806452 -11.693548
29.032258 43.032258 29.032258 15.032258
32.258065 68.258065 32.258065 -3.741935
35.483871 40.483871 35.483871 30.483871
38.709677 84.709677 38.709677 -7.290323
41.935484 81.435484 41.935484 2.435484
45.161290 53.161290 45.161290 37.161290
48.387097 69.887097 48.387097 26.887097
51.612903 99.612903 51.612903 3.612903
54.838710 64.338710 54.838710 45.338710
58.064516 72.064516 58.064516 44.064516
61.290323 64.290323 61.290323 58.290323
64.516129 72.016129 64.516129 57.016129
67.741935 72.241935 67.741935 63.241935
70.967742 106.967742 70.967742 34.967742
74.193548 78.193548 74.193548 70.193548
77.419355 103.919355 77.419355 50.919355
80.645161 119.645161 80.645161 41.645161
83.870968 87.870968 83.870968 79.870968
87.096774 120.596774 87.096774 53.596774
90.322581 112.322581 90.322581 68.322581
93.548387 113.548387 93.548387 73.548387
96.774194 127.274194 96.774194 66.274194
100.000000 150.000000 100.000000 50.000000