0.000000 6.500000 0.000000 -6.500000
1.587302 11.587302 1.587302 -8.412698
3.174603 47.674603 3.174603 -41.325397
4.761905 8.261905 4.761905 1.261905
6.349206 10.849206 6.349206 1.849206
7.936508 37.436508 7.936508 -21.563492
9.523810 11.523810 9.523810 7.523810
11.111111 16.611111 11.111111 5.611111
12.698413 32.698413 12.698413 -7.301587
14.285714 41.285714 14.285714 -12.714286
15.873016 26.873016 15.873016 4.873016
17.460317 36.960317 17.460317 -2.039683
19.047619 65.047619 19.047619 -26.952381
20.634921 39.134921 20.634921 2.134921
22.222222 49.722222 22.222222 -5.277778
23.809524 33.309524 23.809524 14.309524
25.396825 42.896825 25.396825 7.896825
26.984127 69.984127 26.984127 -16.015873
28.571429 77.071429 28.571429 -19.928571
30.158730 57.158730 30.158730 3.158730
31.746032 76.246032 31.746032 -12.753968
33.333333 70.833333 33.333333 -4.166667
34.920635 41.920635 34.920635 27.920635
36.507937 37.007937 36.507937 36.007937
38.095238 78.095238 38.095238 -1.904762
39.682540 65.682540 39.682540 13.682540
41.269841 53.269841 41.269841 29.269841
42.857143 78.357143 42.857143 7.357143
44.444444 77.444444 44.444444 11.444444
46.031746 89.531746 46.031746 2.531746
47.619048 65.119048 47.619048 30.119048
49.206349 66.206349 49.206349 32.206349
50.793651 65.793651 50.793651 35.793651
52.380952 53.380952 52.380952 51.380952
53.968254 67.968254 53.968254 39.968254
55.555556 98.555556 55.555556 12.555556
57.142857 65.142857 57.142857 49.142857
58.730159 86.730159 58.730159 30.730159
60.317460 63.817460 60.317460 56.817460
61.904762 104.404762 61.904762 19.404762
63.492063 111.992063 63.492063 14.992063
65.079365 80.579365 65.079365 49.579365
66.666667 78.666667 66.666667 54.666667
68.253968 115.253968 68.253968 21.253968
69.841270 112.341270 69.841270 27.341270
71.428571 110.428571 71.428571 32.428571
73.015873 98.515873 73.015873 47.515873
74.603175 104.103175 74.603175 45.103175
76.190476 105.690476 76.190476 46.690476
77.777778 99.277778 77.777778 56.277778
79.365079 121.365079 79.365079 37.365079
80.952381 88.952381 80.952381 72.952381
82.539683 88.039683 82.539683 77.039683
84.126984 110.626984 84.126984 57.626984
85.714286 113.714286 85.714286 57.714286
87.301587 95.801587 87.301587 78.801587
88.888889 96.388889 88.888889 81.388889
90.476190 93.976190 90.476190 86.976190
92.063492 114.063492 92.063492 70.063492
93.650794 118.150794 93.650794 69.150794
95.238095 95.738095 95.238095 94.738095
96.825397 110.325397 96.825397 83.325397
98.412698 115.912698 98.412698 80.912698
100.000000 101.000000 100.000000 99.000000