0.000000 30.000000 0.000000 -30.000000
0.195695 9.195695 0.195695 -8.804305
0.391389 42.891389 0.391389 -42.108611
0.587084 25.087084 0.587084 -23.912916
0.782779 13.782779 0.782779 -12.217221
0.978474 11.478474 0.978474 -9.521526
1.174168 47.174168 1.174168 -44.825832
1.369863 40.369863 1.369863 -37.630137
1.565558 42.065558 1.565558 -38.934442
1.761252 8.261252 1.761252 -4.738748
1.956947 18.956947 1.956947 -15.043053
2.152642 19.152642 2.152642 -14.847358
2.348337 13.848337 2.348337 -9.151663
2.544031 52.544031 2.544031 -47.455969
2.739726 14.239726 2.739726 -8.760274
2.935421 16.935421 2.935421 -11.064579
3.131115 20.631115 3.131115 -14.368885
3.326810 21.826810 3.326810 -15.173190
3.522505 31.022505 3.522505 -23.977495
3.718200 31.218200 3.718200 -23.781800
3.913894 9.413894 3.913894 -1.586106
4.109589 28.609589 4.109589 -20.390411
4.305284 23.305284 4.305284 -14.694716
4.500978 31.500978 4.500978 -22.499022
4.696673 43.196673 4.696673 -33.803327
4.892368 33.892368 4.892368 -24.107632
5.088063 13.588063 5.088063 -3.411937
5.283757 15.283757 5.283757 -4.716243
5.479452 7.479452 5.479452 3.479452
5.675147 30.675147 5.675147 -19.324853
5.870841 11.870841 5.870841 -0.129159
6.066536 34.066536 6.066536 -21.933464
6.262231 24.762231 6.262231 -12.237769
6.457926 27.457926 6.457926 -14.542074
6.653620 22.153620 6.653620 -8.846380
6.849315 25.349315 6.849315 -11.650685
7.045010 22.045010 7.045010 -7.954990
7.240705 51.240705 7.240705 -36.759295
7.436399 39.936399 7.436399 -25.063601
7.632094 45.632094 7.632094 -30.367906
7.827789 48.827789 7.827789 -33.172211
8.023483 49.023483 8.023483 -32.976517
8.219178 27.719178 8.219178 -11.280822
8.414873 10.914873 8.414873 5.914873
8.610568 10.110568 8.610568 7.110568
8.806262 52.806262 8.806262 -35.193738
9.001957 54.501957 9.001957 -36.498043
9.197652 25.197652 9.197652 -6.802348
9.393346 47.893346 9.393346 -29.106654
9.589041 42.089041 9.589041 -22.910959
9.784736 51.284736 9.784736 -31.715264
9.980431 52.980431 9.980431 -33.019569
10.176125 24.176125 10.176125 -3.823875
10.371820 16.371820 10.371820 4.371820
10.567515 41.067515 10.567515 -19.932485
10.763209 18.763209 10.763209 2.763209
10.958904 13.958904 10.958904 7.958904
11.154599 30.154599 11.154599 -7.845401
11.350294 58.350294 11.350294 -35.649706
11.545988 22.045988 11.545988 1.045988
11.741683 33.241683 11.741683 -9.758317
11.937378 37.437378 11.937378 -13.562622
12.133072 22.633072 12.133072 1.633072
12.328767 43.828767 12.328767 -19.171233
12.524462 13.524462 12.524462 11.524462
12.720157 53.720157 12.720157 -28.279843
12.915851 29.915851 12.915851 -4.084149
13.111546 22.111546 13.111546 4.111546
13.307241 27.307241 13.307241 -0.692759
13.502935 47.502935 13.502935 -20.497065
13.698630 36.198630 13.698630 -8.801370
13.894325 58.894325 13.894325 -31.105675
14.090020 28.590020 14.090020 -0.409980
14.285714 42.285714 14.285714 -13.714286
14.481409 29.481409 14.481409 -0.518591
14.677104 62.177104 14.677104 -32.822896
14.872798 52.872798 14.872798 -23.127202
15.068493 44.068493 15.068493 -13.931507
15.264188 37.264188 15.264188 -6.735812
15.459883 56.459883 15.459883 -25.540117
15.655577 47.155577 15.655577 -15.844423
15.851272 34.351272 15.851272 -2.648728
16.046967 19.046967 16.046967 13.046967
16.242661 53.742661 16.242661 -21.257339
16.438356 66.438356 16.438356 -33.561644
16.634051 46.134051 16.634051 -12.865949
16.829746 27.329746 16.829746 6.329746
17.025440 55.525440 17.025440 -21.474560
17.221135 67.221135 17.221135 -32.778865
17.416830 33.916830 17.416830 0.916830
17.612524 55.112524 17.612524 -19.887476
17.808219 55.808219 17.808219 -20.191781
18.003914 55.003914 18.003914 -18.996086
18.199609 52.199609 18.199609 -15.800391
18.395303 68.395303 18.395303 -31.604697
18.590998 40.590998 18.590998 -3.409002
18.786693 54.286693 18.786693 -16.713307
18.982387 62.482387 18.982387 -24.517613
19.178082 22.678082 19.178082 15.678082
19.373777 28.873777 19.373777 9.873777
19.569472 20.069472 19.569472 19.069472
19.765166 63.265166 19.765166 -23.734834
19.960861 48.460861 19.960861 -8.539139
20.156556 24.656556 20.156556 15.656556
20.352250 41.852250 20.352250 -1.147750
20.547945 23.547945 20.547945 17.547945
20.743640 31.243640 20.743640 10.243640
20.939335 28.439335 20.939335 13.439335
21.135029 44.635029 21.135029 -2.364971
21.330724 61.830724 21.330724 -19.169276
21.526419 27.526419 21.526419 15.526419
21.722114 41.222114 21.722114 2.222114
21.917808 64.417808 21.917808 -20.582192
22.113503 44.113503 22.113503 0.113503
22.309198 72.309198 22.309198 -27.690802
22.504892 41.004892 22.504892 4.004892
22.700587 61.700587 22.700587 -16.299413
22.896282 56.396282 22.896282 -10.603718
23.091977 30.591977 23.091977 15.591977
23.287671 28.287671 23.287671 18.287671
23.483366 72.483366 23.483366 -25.516634
23.679061 31.179061 23.679061 16.179061
23.874755 41.874755 23.874755 5.874755
24.070450 33.070450 24.070450 15.070450
24.266145 63.266145 24.266145 -14.733855
24.461840 62.461840 24.461840 -13.538160
24.657534 35.157534 24.657534 14.157534
24.853229 69.353229 24.853229 -19.646771
25.048924 47.548924 25.048924 2.548924
25.244618 47.244618 25.244618 3.244618
25.440313 59.940313 25.440313 -9.059687
25.636008 31.636008 25.636008 19.636008
25.831703 53.831703 25.831703 -2.168297
26.027397 75.027397 26.027397 -22.972603
26.223092 56.723092 26.223092 -4.276908
26.418787 59.418787 26.418787 -6.581213
26.614481 60.114481 26.614481 -6.885519
26.810176 48.810176 26.810176 4.810176
27.005871 52.505871 27.005871 1.505871
27.201566 38.701566 27.201566 15.701566
27.397260 55.397260 27.397260 -0.602740
27.592955 57.592955 27.592955 -2.407045
27.788650 68.788650 27.788650 -13.211350
27.984344 68.984344 27.984344 -13.015656
28.180039 39.180039 28.180039 17.180039
28.375734 63.875734 28.375734 -7.124266
28.571429 73.071429 28.571429 -15.928571
28.767123 42.267123 28.767123 15.267123
28.962818 71.462818 28.962818 -13.537182
29.158513 69.658513 29.158513 -11.341487
29.354207 47.854207 29.354207 10.854207
29.549902 66.549902 29.549902 -7.450098
29.745597 58.245597 29.745597 1.245597
29.941292 45.941292 29.941292 13.941292
30.136986 46.636986 30.136986 13.636986
30.332681 50.332681 30.332681 10.332681
30.528376 36.028376 30.528376 25.028376
30.724070 44.724070 30.724070 16.724070
30.919765 32.919765 30.919765 28.919765
31.115460 64.615460 31.115460 -2.384540
31.311155 76.811155 31.311155 -14.188845
31.506849 50.506849 31.506849 12.506849
31.702544 44.702544 31.702544 18.702544
31.898239 75.898239 31.898239 -12.101761
32.093933 69.593933 32.093933 -5.406067
32.289628 45.789628 32.289628 18.789628
32.485323 50.985323 32.485323 13.985323
32.681018 71.681018 32.681018 -6.318982
32.876712 75.876712 32.876712 -10.123288
33.072407 66.572407 33.072407 -0.427593
33.268102 47.268102 33.268102 19.268102
33.463796 44.463796 33.463796 22.463796
33.659491 60.659491 33.659491 6.659491
33.855186 65.855186 33.855186 1.855186
34.050881 36.550881 34.050881 31.550881
34.246575 81.246575 34.246575 -12.753425
34.442270 72.942270 34.442270 -4.057730
34.637965 54.637965 34.637965 14.637965
34.833659 66.833659 34.833659 2.833659
35.029354 63.529354 35.029354 6.529354
35.225049 53.225049 35.225049 17.225049
35.420744 46.420744 35.420744 24.420744
35.616438 85.616438 35.616438 -14.383562
35.812133 71.312133 35.812133 0.312133
36.007828 62.507828 36.007828 9.507828
36.203523 57.203523 36.203523 15.203523
36.399217 46.899217 36.399217 25.899217
36.594912 77.094912 36.594912 -3.905088
36.790607 57.290607 36.790607 16.290607
36.986301 42.486301 36.986301 31.486301
37.181996 81.181996 37.181996 -6.818004
37.377691 68.377691 37.377691 6.377691
37.573386 69.073386 37.573386 6.073386
37.769080 52.769080 37.769080 22.769080
37.964775 72.464775 37.964775 3.464775
38.160470 59.660470 38.160470 16.660470
38.356164 75.356164 38.356164 1.356164
38.551859 70.551859 38.551859 6.551859
38.747554 84.747554 38.747554 -7.252446
38.943249 52.443249 38.943249 25.443249
39.138943 39.638943 39.138943 38.638943
39.334638 75.834638 39.334638 2.834638
39.530333 80.030333 39.530333 -0.969667
39.726027 58.726027 39.726027 20.726027
39.921722 55.921722 39.921722 23.921722
40.117417 85.117417 40.117417 -4.882583
40.313112 63.813112 40.313112 16.813112
40.508806 87.008806 40.508806 -5.991194
40.704501 74.704501 40.704501 6.704501
40.900196 47.400196 40.900196 34.400196
41.095890 64.095890 41.095890 18.095890
41.291585 58.291585 41.291585 24.291585
41.487280 81.987280 41.487280 0.987280
41.682975 68.182975 41.682975 15.182975
41.878669 46.878669 41.878669 36.878669
42.074364 65.074364 42.074364 19.074364
42.270059 90.770059 42.270059 -6.229941
42.465753 64.965753 42.465753 19.965753
42.661448 50.661448 42.661448 34.661448
42.857143 72.357143 42.857143 13.357143
43.052838 91.052838 43.052838 -4.947162
43.248532 85.748532 43.248532 0.748532
43.444227 47.944227 43.444227 38.944227
43.639922 86.639922 43.639922 0.639922
43.835616 91.335616 43.835616 -3.664384
44.031311 94.031311 44.031311 -5.968689
44.227006 85.227006 44.227006 3.227006
44.422701 56.922701 44.422701 31.922701
44.618395 58.118395 44.618395 31.118395
44.814090 50.314090 44.814090 39.314090
45.009785 59.509785 45.009785 30.509785
45.205479 53.705479 45.205479 36.705479
45.401174 82.401174 45.401174 8.401174
45.596869 68.096869 45.596869 23.096869
45.792564 83.292564 45.792564 8.292564
45.988258 95.988258 45.988258 -4.011742
46.183953 87.683953 46.183953 4.683953
46.379648 75.379648 46.379648 17.379648
46.575342 71.575342 46.575342 21.575342
46.771037 58.771037 46.771037 34.771037
46.966732 54.966732 46.966732 38.966732
47.162427 83.162427 47.162427 11.162427
47.358121 77.858121 47.358121 16.858121
47.553816 73.553816 47.553816 21.553816
47.749511 90.249511 47.749511 5.249511
47.945205 62.445205 47.945205 33.445205
48.140900 73.640900 48.140900 22.640900
48.336595 53.836595 48.336595 42.836595
48.532290 65.032290 48.532290 32.032290
48.727984 81.727984 48.727984 15.727984
48.923679 92.923679 48.923679 4.923679
49.119374 87.619374 49.119374 10.619374
49.315068 90.315068 49.315068 8.315068
49.510763 73.510763 49.510763 25.510763
49.706458 64.206458 49.706458 35.206458
49.902153 72.902153 49.902153 26.902153
50.097847 64.597847 50.097847 35.597847
50.293542 68.293542 50.293542 32.293542
50.489237 81.489237 50.489237 19.489237
50.684932 71.684932 50.684932 29.684932
50.880626 97.380626 50.880626 4.380626
51.076321 67.576321 51.076321 34.576321
51.272016 89.272016 51.272016 13.272016
51.467710 61.967710 51.467710 40.967710
51.663405 67.163405 51.663405 36.163405
51.859100 65.359100 51.859100 38.359100
52.054795 87.054795 52.054795 17.054795
52.250489 60.750489 52.250489 43.750489
52.446184 79.446184 52.446184 25.446184
52.641879 63.141879 52.641879 42.141879
52.837573 60.837573 52.837573 44.837573
53.033268 91.033268 53.033268 15.033268
53.228963 99.228963 53.228963 7.228963
53.424658 64.424658 53.424658 42.424658
53.620352 62.120352 53.620352 45.120352
53.816047 93.816047 53.816047 13.816047
54.011742 85.011742 54.011742 23.011742
54.207436 93.207436 54.207436 15.207436
54.403131 82.403131 54.403131 26.403131
54.598826 69.598826 54.598826 39.598826
54.794521 84.794521 54.794521 24.794521
54.990215 63.490215 54.990215 46.490215
55.185910 74.185910 55.185910 36.185910
55.381605 100.881605 55.381605 9.881605
55.577299 76.577299 55.577299 34.577299
55.772994 97.772994 55.772994 13.772994
55.968689 104.968689 55.968689 6.968689
56.164384 84.664384 56.164384 27.664384
56.360078 90.860078 56.360078 21.860078
56.555773 84.055773 56.555773 29.055773
56.751468 94.251468 56.751468 19.251468
56.947162 89.447162 56.947162 24.447162
57.142857 64.642857 57.142857 49.642857
57.338552 99.338552 57.338552 15.338552
57.534247 64.534247 57.534247 50.534247
57.729941 92.229941 57.729941 23.229941
57.925636 105.425636 57.925636 10.425636
58.121331 81.121331 58.121331 35.121331
58.317025 64.317025 58.317025 52.317025
58.512720 62.012720 58.512720 55.012720
58.708415 97.708415 58.708415 19.708415
58.904110 59.404110 58.904110 58.404110
59.099804 89.599804 59.099804 28.599804
59.295499 77.295499 59.295499 41.295499
59.491194 79.491194 59.491194 39.491194
59.686888 79.686888 59.686888 39.686888
59.882583 80.882583 59.882583 38.882583
60.078278 101.578278 60.078278 18.578278
60.273973 96.773973 60.273973 23.773973
60.469667 105.969667 60.469667 14.969667
60.665362 100.165362 60.665362 21.165362
60.861057 77.361057 60.861057 44.361057
61.056751 71.556751 61.056751 50.556751
61.252446 94.252446 61.252446 28.252446
61.448141 66.948141 61.448141 55.948141
61.643836 106.143836 61.643836 17.143836
61.839530 91.339530 61.839530 32.339530
62.035225 101.535225 62.035225 22.535225
62.230920 92.230920 62.230920 32.230920
62.426614 71.426614 62.426614 53.426614
62.622309 67.122309 62.622309 58.122309
62.818004 104.318004 62.818004 21.318004
63.013699 71.013699 63.013699 55.013699
63.209393 66.709393 63.209393 59.709393
63.405088 92.905088 63.405088 33.905088
63.600783 87.100783 63.600783 40.100783
63.796477 87.296477 63.796477 40.296477
63.992172 109.492172 63.992172 18.492172
64.187867 72.187867 64.187867 56.187867
64.383562 104.383562 64.383562 24.383562
64.579256 98.579256 64.579256 30.579256
64.774951 110.774951 64.774951 18.774951
64.970646 93.470646 64.970646 36.470646
65.166341 75.666341 65.166341 54.666341
65.362035 78.362035 65.362035 52.362035
65.557730 97.057730 65.557730 34.057730
65.753425 84.753425 65.753425 46.753425
65.949119 83.949119 65.949119 47.949119
66.144814 67.644814 66.144814 64.644814
66.340509 104.840509 66.340509 27.840509
66.536204 78.536204 66.536204 54.536204
66.731898 100.231898 66.731898 33.231898
66.927593 104.427593 66.927593 29.427593
67.123288 103.623288 67.123288 30.623288
67.318982 108.318982 67.318982 26.318982
67.514677 105.014677 67.514677 30.014677
67.710372 100.210372 67.710372 35.210372
67.906067 72.906067 67.906067 62.906067
68.101761 118.101761 68.101761 18.101761
68.297456 89.297456 68.297456 47.297456
68.493151 72.493151 68.493151 64.493151
68.688845 106.188845 68.688845 31.188845
68.884540 118.884540 68.884540 18.884540
69.080235 96.580235 69.080235 41.580235
69.275930 99.275930 69.275930 39.275930
69.471624 77.471624 69.471624 61.471624
69.667319 101.667319 69.667319 37.667319
69.863014 97.363014 69.863014 42.363014
70.058708 84.558708 70.058708 55.558708
70.254403 103.254403 70.254403 37.254403
70.450098 120.450098 70.450098 20.450098
70.645793 96.145793 70.645793 45.145793
70.841487 81.341487 70.841487 60.341487
71.037182 103.037182 71.037182 39.037182
71.232877 105.732877 71.232877 36.732877
71.428571 94.428571 71.428571 48.428571
71.624266 76.124266 71.624266 67.124266
71.819961 121.819961 71.819961 21.819961
72.015656 74.015656 72.015656 70.015656
72.211350 109.711350 72.211350 34.711350
72.407045 101.907045 72.407045 42.907045
72.602740 120.602740 72.602740 24.602740
72.798434 92.798434 72.798434 52.798434
72.994129 98.994129 72.994129 46.994129
73.189824 113.189824 73.189824 33.189824
73.385519 93.385519 73.385519 53.385519
73.581213 82.081213 73.581213 65.081213
73.776908 102.276908 73.776908 45.276908
73.972603 103.972603 73.972603 43.972603
74.168297 115.668297 74.168297 32.668297
74.363992 124.363992 74.363992 24.363992
74.559687 92.059687 74.559687 57.059687
74.755382 75.255382 74.755382 74.255382
74.951076 78.451076 74.951076 71.451076
75.146771 98.646771 75.146771 51.646771
75.342466 124.842466 75.342466 25.842466
75.538160 77.538160 75.538160 73.538160
75.733855 94.233855 75.733855 57.233855
75.929550 84.929550 75.929550 66.929550
76.125245 119.625245 76.125245 32.625245
76.320939 108.320939 76.320939 44.320939
76.516634 121.016634 76.516634 32.016634
76.712329 115.212329 76.712329 38.212329
76.908023 101.408023 76.908023 52.408023
77.103718 80.603718 77.103718 73.603718
77.299413 103.299413 77.299413 51.299413
77.495108 97.995108 77.495108 56.995108
77.690802 107.190802 77.690802 48.190802
77.886497 126.386497 77.886497 29.386497
78.082192 126.582192 78.082192 29.582192
78.277886 128.277886 78.277886 28.277886
78.473581 104.473581 78.473581 52.473581
78.669276 115.169276 78.669276 42.169276
78.864971 86.364971 78.864971 71.364971
79.060665 88.560665 79.060665 69.560665
79.256360 91.256360 79.256360 67.256360
79.452055 125.452055 79.452055 33.452055
79.647750 84.147750 79.647750 75.147750
79.843444 114.843444 79.843444 44.843444
80.039139 89.539139 80.039139 70.539139
80.234834 121.234834 80.234834 39.234834
80.430528 96.930528 80.430528 63.930528
80.626223 121.126223 80.626223 40.126223
80.821918 121.821918 80.821918 39.821918
81.017613 97.017613 81.017613 65.017613
81.213307 91.713307 81.213307 70.713307
81.409002 89.909002 81.409002 72.909002
81.604697 127.604697 81.604697 35.604697
81.800391 117.300391 81.800391 46.300391
81.996086 88.496086 81.996086 75.496086
82.191781 114.691781 82.191781 49.691781
82.387476 89.887476 82.387476 74.887476
82.583170 87.083170 82.583170 78.083170
82.778865 120.278865 82.778865 45.278865
82.974560 92.974560 82.974560 72.974560
83.170254 83.670254 83.170254 82.670254
83.365949 84.865949 83.365949 81.865949
83.561644 104.061644 83.561644 63.061644
83.757339 113.757339 83.757339 53.757339
83.953033 86.453033 83.953033 81.453033
84.148728 84.648728 84.148728 83.648728
84.344423 113.344423 84.344423 55.344423
84.540117 102.540117 84.540117 66.540117
84.735812 93.235812 84.735812 76.235812
84.931507 116.431507 84.931507 53.431507
85.127202 113.127202 85.127202 57.127202
85.322896 127.822896 85.322896 42.822896
85.518591 106.018591 85.518591 65.018591
85.714286 88.714286 85.714286 82.714286
85.909980 135.909980 85.909980 35.909980
86.105675 88.605675 86.105675 83.605675
86.301370 92.801370 86.301370 79.801370
86.497065 109.497065 86.497065 63.497065
86.692759 127.192759 86.692759 46.192759
86.888454 107.388454 86.888454 66.388454
87.084149 125.084149 87.084149 49.084149
87.279843 104.279843 87.279843 70.279843
87.475538 104.975538 87.475538 69.975538
87.671233 118.671233 87.671233 56.671233
87.866928 135.366928 87.866928 40.366928
88.062622 97.062622 88.062622 79.062622
88.258317 94.258317 88.258317 82.258317
88.454012 111.454012 88.454012 65.454012
88.649706 137.649706 88.649706 39.649706
88.845401 128.845401 88.845401 48.845401
89.041096 97.041096 89.041096 81.041096
89.236791 129.236791 89.236791 49.236791
89.432485 125.432485 89.432485 53.432485
89.628180 105.128180 89.628180 74.128180
89.823875 97.323875 89.823875 82.323875
90.019569 140.019569 90.019569 40.019569
90.215264 129.215264 90.215264 51.215264
90.410959 116.410959 90.410959 64.410959
90.606654 109.606654 90.606654 71.606654
90.802348 104.302348 90.802348 77.302348
90.998043 120.998043 90.998043 60.998043
91.193738 96.693738 91.193738 85.693738
91.389432 125.889432 91.389432 56.889432
91.585127 102.085127 91.585127 81.085127
91.780822 136.280822 91.780822 47.280822
91.976517 122.976517 91.976517 60.976517
92.172211 94.172211 92.172211 90.172211
92.367906 134.867906 92.367906 49.867906
92.563601 99.563601 92.563601 85.563601
92.759295 104.759295 92.759295 80.759295
92.954990 111.954990 92.954990 73.954990
93.150685 103.650685 93.150685 82.650685
93.346380 126.846380 93.346380 59.846380
93.542074 100.042074 93.542074 87.042074
93.737769 135.737769 93.737769 51.737769
93.933464 129.433464 93.933464 58.433464
94.129159 109.129159 94.129159 79.129159
94.324853 132.324853 94.324853 56.324853
94.520548 136.520548 94.520548 52.520548
94.716243 108.716243 94.716243 80.716243
94.911937 121.411937 94.911937 68.411937
95.107632 95.607632 95.107632 94.607632
95.303327 132.803327 95.303327 57.803327
95.499022 143.999022 95.499022 46.999022
95.694716 144.694716 95.694716 46.694716
95.890411 129.390411 95.890411 62.390411
96.086106 117.086106 96.086106 75.086106
96.281800 96.781800 96.281800 95.781800
96.477495 114.977495 96.477495 77.977495
96.673190 131.173190 96.673190 62.173190
96.868885 117.368885 96.868885 76.368885
97.064579 109.064579 97.064579 85.064579
97.260274 145.260274 97.260274 49.260274
97.455969 109.955969 97.455969 84.955969
97.651663 99.651663 97.651663 95.651663
97.847358 111.347358 97.847358 84.347358
98.043053 138.543053 98.043053 57.543053
98.238748 138.238748 98.238748 58.238748
98.434442 104.934442 98.434442 91.934442
98.630137 105.130137 98.630137 92.130137
98.825832 102.325832 98.825832 95.325832
99.021526 140.521526 99.021526 57.521526
99.217221 128.717221 99.217221 69.717221
99.412916 116.412916 99.412916 82.412916
99.608611 137.608611 99.608611 61.608611
99.804305 133.804305 99.804305 65.804305
100.000000 114.000000 100.000000 86.000000