0.000000 31.000000 0.000000 -31.000000
0.097752 24.097752 0.097752 -23.902248
0.195503 10.695503 0.195503 -10.304497
0.293255 29.793255 0.293255 -29.206745
0.391007 43.391007 0.391007 -42.608993
0.488759 37.488759 0.488759 -36.511241
0.586510 43.086510 0.586510 -41.913490
0.684262 26.684262 0.684262 -25.315738
0.782014 18.282014 0.782014 -16.717986
0.879765 10.379765 0.879765 -8.620235
0.977517 5.477517 0.977517 -3.522483
1.075269 24.575269 1.075269 -22.424731
1.173021 6.173021 1.173021 -3.826979
1.270772 30.770772 1.270772 -28.229228
1.368524 43.868524 1.368524 -41.131476
1.466276 3.966276 1.466276 -1.033724
1.564027 21.064027 1.564027 -17.935973
1.661779 28.161779 1.661779 -24.838221
1.759531 34.259531 1.759531 -30.740469
1.857283 7.357283 1.857283 -3.642717
1.955034 39.955034 1.955034 -36.044966
2.052786 22.052786 2.052786 -17.947214
2.150538 4.150538 2.150538 0.150538
2.248289 5.748289 2.248289 -1.251711
2.346041 2.846041 2.346041 1.846041
2.443793 31.443793 2.443793 -26.556207
2.541544 41.041544 2.541544 -35.958456
2.639296 7.139296 2.639296 -1.860704
2.737048 6.237048 2.737048 -0.762952
2.834800 35.334800 2.834800 -29.665200
2.932551 48.432551 2.932551 -42.567449
3.030303 24.030303 3.030303 -17.969697
3.128055 42.628055 3.128055 -36.371945
3.225806 28.725806 3.225806 -22.274194
3.323558 16.823558 3.323558 -10.176442
3.421310 22.421310 3.421310 -15.578690
3.519062 27.519062 3.519062 -20.480938
3.616813 39.616813 3.616813 -32.383187
3.714565 32.714565 3.714565 -25.285435
3.812317 27.312317 3.812317 -19.687683
3.910068 16.910068 3.910068 -9.089932
4.007820 36.507820 4.007820 -28.492180
4.105572 6.105572 4.105572 2.105572
4.203324 7.703324 4.203324 0.703324
4.301075 41.301075 4.301075 -32.698925
4.398827 5.898827 4.398827 2.898827
4.496579 36.996579 4.496579 -28.003421
4.594330 49.094330 4.594330 -39.905670
4.692082 49.692082 4.692082 -40.307918
4.789834 19.789834 4.789834 -10.210166
4.887586 45.887586 4.887586 -36.112414
4.985337 33.485337 4.985337 -23.514663
5.083089 52.083089 5.083089 -41.916911
5.180841 45.180841 5.180841 -34.819159
5.278592 19.278592 5.278592 -8.721408
5.376344 55.376344 5.376344 -44.623656
5.474096 41.974096 5.474096 -31.025904
5.571848 20.071848 5.571848 -8.928152
5.669599 35.669599 5.669599 -24.330401
5.767351 43.267351 5.767351 -31.732649
5.865103 28.865103 5.865103 -17.134897
5.962854 8.462854 5.962854 3.462854
6.060606 54.060606 6.060606 -41.939394
6.158358 30.658358 6.158358 -18.341642
6.256109 10.756109 6.256109 1.756109
6.353861 9.353861 6.353861 3.353861
6.451613 38.451613 6.451613 -25.548387
6.549365 22.049365 6.549365 -8.950635
6.647116 44.147116 6.647116 -30.852884
6.744868 35.244868 6.744868 -21.755132
6.842620 42.842620 6.842620 -29.157380
6.940371 39.440371 6.940371 -25.559629
7.038123 22.538123 7.038123 -8.461877
7.135875 34.635875 7.135875 -20.364125
7.233627 47.233627 7.233627 -32.766373
7.331378 41.331378 7.331378 -26.668622
7.429130 56.429130 7.429130 -41.570870
7.526882 41.026882 7.526882 -25.973118
7.624633 20.124633 7.624633 -4.875367
7.722385 30.722385 7.722385 -15.277615
7.820137 20.820137 7.820137 -5.179863
7.917889 46.417889 7.917889 -30.582111
8.015640 34.515640 8.015640 -18.484360
8.113392 13.613392 8.113392 2.613392
8.211144 42.711144 8.211144 -26.288856
8.308895 41.808895 8.308895 -25.191105
8.406647 53.906647 8.406647 -37.093353
8.504399 33.004399 8.504399 -15.995601
8.602151 32.102151 8.602151 -14.897849
8.699902 42.199902 8.699902 -24.800098
8.797654 55.797654 8.797654 -38.202346
8.895406 25.395406 8.895406 -7.604594
8.993157 10.493157 8.993157 7.493157
9.090909 48.090909 9.090909 -29.909091
9.188661 13.688661 9.188661 4.688661
9.286413 36.286413 9.286413 -17.713587
9.384164 49.384164 9.384164 -30.615836
9.481916 36.981916 9.481916 -18.018084
9.579668 50.079668 9.579668 -30.920332
9.677419 25.677419 9.677419 -6.322581
9.775171 29.775171 9.775171 -10.224829
9.872923 33.872923 9.872923 -14.127077
9.970674 23.470674 9.970674 -3.529326
10.068426 49.068426 10.068426 -28.931574
10.166178 35.166178 10.166178 -14.833822
10.263930 41.763930 10.263930 -21.236070
10.361681 36.361681 10.361681 -15.638319
10.459433 52.959433 10.459433 -32.040567
10.557185 51.057185 10.557185 -29.942815
10.654936 35.654936 10.654936 -14.345064
10.752688 54.252688 10.752688 -32.747312
10.850440 35.850440 10.850440 -14.149560
10.948192 59.448192 10.948192 -37.551808
11.045943 15.045943 11.045943 7.045943
11.143695 30.143695 11.143695 -7.856305
11.241447 41.241447 11.241447 -18.758553
11.339198 22.339198 11.339198 0.339198
11.436950 45.436950 11.436950 -22.563050
11.534702 45.034702 11.534702 -21.965298
11.632454 49.632454 11.632454 -26.367546
11.730205 51.230205 11.730205 -27.769795
11.827957 42.827957 11.827957 -19.172043
11.925709 52.425709 11.925709 -28.574291
12.023460 27.023460 12.023460 -2.976540
12.121212 25.621212 12.121212 -1.378788
12.218964 15.718964 12.218964 8.718964
12.316716 48.816716 12.316716 -24.183284
12.414467 34.914467 12.414467 -10.085533
12.512219 19.012219 12.512219 6.012219
12.609971 48.109971 12.609971 -22.890029
12.707722 62.207722 12.707722 -36.792278
12.805474 34.805474 12.805474 -9.194526
12.903226 21.903226 12.903226 3.903226
13.000978 13.500978 13.000978 12.500978
13.098729 27.098729 13.098729 -0.901271
13.196481 35.696481 13.196481 -9.303519
13.294233 15.794233 13.294233 10.794233
13.391984 16.391984 13.391984 10.391984
13.489736 15.989736 13.489736 10.989736
13.587488 46.587488 13.587488 -19.412512
13.685239 15.685239 13.685239 11.685239
13.782991 57.282991 13.782991 -29.717009
13.880743 23.880743 13.880743 3.880743
13.978495 25.978495 13.978495 1.978495
14.076246 19.076246 14.076246 9.076246
14.173998 60.173998 14.173998 -31.826002
14.271750 22.771750 14.271750 5.771750
14.369501 32.369501 14.369501 -3.630499
14.467253 18.967253 14.467253 9.967253
14.565005 44.565005 14.565005 -15.434995
14.662757 34.162757 14.662757 -4.837243
14.760508 38.760508 14.760508 -9.239492
14.858260 64.358260 14.858260 -34.641740
14.956012 23.456012 14.956012 6.456012
15.053763 62.553763 15.053763 -32.446237
15.151515 38.651515 15.151515 -8.348485
15.249267 62.749267 15.249267 -32.250733
15.347019 32.347019 15.347019 -1.652981
15.444770 59.944770 15.444770 -29.055230
15.542522 17.542522 15.542522 13.542522
15.640274 51.640274 15.640274 -20.359726
15.738025 58.738025 15.738025 -27.261975
15.835777 30.335777 15.835777 1.335777
15.933529 47.433529 15.933529 -15.566471
16.031281 65.531281 16.031281 -33.468719
16.129032 41.629032 16.129032 -9.370968
16.226784 57.226784 16.226784 -24.773216
16.324536 50.824536 16.324536 -18.175464
16.422287 18.422287 16.422287 14.422287
16.520039 22.520039 16.520039 10.520039
16.617791 66.117791 16.617791 -32.882209
16.715543 29.715543 16.715543 3.715543
16.813294 20.813294 16.813294 12.813294
16.911046 17.911046 16.911046 15.911046
17.008798 42.008798 17.008798 -7.991202
17.106549 28.106549 17.106549 6.106549
17.204301 57.704301 17.204301 -23.295699
17.302053 45.802053 17.302053 -11.197947
17.399804 33.899804 17.399804 0.899804
17.497556 43.497556 17.497556 -8.502444
17.595308 38.595308 17.595308 -3.404692
17.693060 45.193060 17.693060 -9.806940
17.790811 66.290811 17.790811 -30.709189
17.888563 21.888563 17.888563 13.888563
17.986315 20.486315 17.986315 15.486315
18.084066 32.084066 18.084066 4.084066
18.181818 49.181818 18.181818 -12.818182
18.279570 38.279570 18.279570 -1.720430
18.377322 53.877322 18.377322 -17.122678
18.475073 37.975073 18.475073 -1.024927
18.572825 25.072825 18.572825 12.072825
18.670577 36.670577 18.670577 0.670577
18.768328 60.768328 18.768328 -23.231672
18.866080 54.866080 18.866080 -17.133920
18.963832 47.463832 18.963832 -9.536168
19.061584 33.061584 19.061584 5.061584
19.159335 48.659335 19.159335 -10.340665
19.257087 38.757087 19.257087 -0.242913
19.354839 28.354839 19.354839 10.354839
19.452590 20.952590 19.452590 17.952590
19.550342 65.550342 19.550342 -26.449658
19.648094 62.148094 19.648094 -22.851906
19.745846 63.745846 19.745846 -24.254154
19.843597 57.843597 19.843597 -18.156403
19.941349 50.941349 19.941349 -11.058651
20.039101 30.539101 20.039101 9.539101
20.136852 33.136852 20.136852 7.136852
20.234604 20.734604 20.234604 19.734604
20.332356 37.332356 20.332356 3.332356
20.430108 57.930108 20.430108 -17.069892
20.527859 35.027859 20.527859 6.027859
20.625611 21.125611 20.625611 20.125611
20.723363 22.723363 20.723363 18.723363
20.821114 55.821114 20.821114 -14.178886
20.918866 34.918866 20.918866 6.918866
21.016618 26.016618 21.016618 16.016618
21.114370 40.614370 21.114370 1.614370
21.212121 53.212121 21.212121 -10.787879
21.309873 38.809873 21.309873 3.809873
21.407625 53.407625 21.407625 -10.592375
21.505376 54.505376 21.505376 -11.494624
21.603128 67.603128 21.603128 -24.396872
21.700880 57.700880 21.700880 -14.299120
21.798631 27.798631 21.798631 15.798631
21.896383 56.396383 21.896383 -12.603617
21.994135 33.994135 21.994135 9.994135
22.091887 66.091887 22.091887 -21.908113
22.189638 53.689638 22.189638 -9.310362
22.287390 25.287390 22.287390 19.287390
22.385142 57.385142 22.385142 -12.614858
22.482893 44.482893 22.482893 0.482893
22.580645 34.580645 22.580645 10.580645
22.678397 56.178397 22.678397 -10.821603
22.776149 52.776149 22.776149 -7.223851
22.873900 60.873900 22.873900 -15.126100
22.971652 39.471652 22.971652 6.471652
23.069404 60.069404 23.069404 -13.930596
23.167155 24.667155 23.167155 21.667155
23.264907 28.764907 23.264907 17.764907
23.362659 67.362659 23.362659 -20.637341
23.460411 39.960411 23.460411 6.960411
23.558162 73.058162 23.558162 -25.941838
23.655914 53.655914 23.655914 -6.344086
23.753666 36.753666 23.753666 10.753666
23.851417 41.851417 23.851417 5.851417
23.949169 48.449169 23.949169 -0.550831
24.046921 38.046921 24.046921 10.046921
24.144673 64.644673 24.144673 -16.355327
24.242424 37.742424 24.242424 10.742424
24.340176 34.340176 24.340176 14.340176
24.437928 61.937928 24.437928 -13.062072
24.535679 58.535679 24.535679 -9.464321
24.633431 60.133431 24.633431 -10.866569
24.731183 33.231183 24.731183 16.231183
24.828935 44.328935 24.828935 5.328935
24.926686 56.926686 24.926686 -7.073314
25.024438 33.024438 25.024438 17.024438
25.122190 33.622190 25.122190 16.622190
25.219941 66.219941 25.219941 -15.780059
25.317693 66.817693 25.317693 -16.182307
25.415445 69.415445 25.415445 -18.584555
25.513196 31.513196 25.513196 19.513196
25.610948 58.110948 25.610948 -6.889052
25.708700 54.208700 25.708700 -2.791300
25.806452 68.806452 25.806452 -17.193548
25.904203 63.404203 25.904203 -11.595797
26.001955 28.001955 26.001955 24.001955
26.099707 69.099707 26.099707 -16.900293
26.197458 49.697458 26.197458 2.697458
26.295210 50.795210 26.295210 1.795210
26.392962 52.392962 26.392962 0.392962
26.490714 45.990714 26.490714 6.990714
26.588465 46.088465 26.588465 7.088465
26.686217 37.186217 26.686217 16.186217
26.783969 32.283969 26.783969 21.283969
26.881720 62.881720 26.881720 -9.118280
26.979472 28.479472 26.979472 25.479472
27.077224 77.077224 27.077224 -22.922776
27.174976 31.174976 27.174976 23.174976
27.272727 47.272727 27.272727 7.272727
27.370479 44.370479 27.370479 10.370479
27.468231 60.468231 27.468231 -5.531769
27.565982 52.565982 27.565982 2.565982
27.663734 29.163734 27.663734 26.163734
27.761486 30.261486 27.761486 25.261486
27.859238 48.359238 27.859238 7.359238
27.956989 51.456989 27.956989 4.456989
28.054741 76.054741 28.054741 -19.945259
28.152493 42.652493 28.152493 13.652493
28.250244 61.250244 28.250244 -4.749756
28.347996 61.847996 28.347996 -5.152004
28.445748 28.945748 28.445748 27.945748
28.543500 64.543500 28.543500 -7.456500
28.641251 52.641251 28.641251 4.641251
28.739003 33.239003 28.739003 24.239003
28.836755 51.836755 28.836755 5.836755
28.934506 47.434506 28.934506 10.434506
29.032258 76.532258 29.032258 -18.467742
29.130010 41.630010 29.130010 16.630010
29.227761 69.227761 29.227761 -10.772239
29.325513 74.825513 29.325513 -16.174487
29.423265 74.923265 29.423265 -16.076735
29.521017 41.021017 29.521017 18.021017
29.618768 46.618768 29.618768 12.618768
29.716520 30.716520 29.716520 28.716520
29.814272 50.814272 29.814272 8.814272
29.912023 70.912023 29.912023 -11.087977
30.009775 72.509775 30.009775 -12.490225
30.107527 34.607527 30.107527 25.607527
30.205279 78.705279 30.205279 -18.294721
30.303030 38.303030 30.303030 22.303030
30.400782 69.400782 30.400782 -8.599218
30.498534 55.998534 30.498534 4.998534
30.596285 67.096285 30.596285 -5.903715
30.694037 70.194037 30.694037 -8.805963
30.791789 78.791789 30.791789 -17.208211
30.889541 61.389541 30.889541 0.389541
30.987292 46.487292 30.987292 15.487292
31.085044 76.085044 31.085044 -13.914956
31.182796 49.182796 31.182796 13.182796
31.280547 37.280547 31.280547 25.280547
31.378299 49.878299 31.378299 12.878299
31.476051 53.476051 31.476051 9.476051
31.573803 67.073803 31.573803 -3.926197
31.671554 76.671554 31.671554 -13.328446
31.769306 37.269306 31.769306 26.269306
31.867058 75.867058 31.867058 -12.132942
31.964809 36.464809 31.964809 27.464809
32.062561 43.062561 32.062561 21.062561
32.160313 32.660313 32.160313 31.660313
32.258065 52.258065 32.258065 12.258065
32.355816 66.355816 32.355816 -1.644184
32.453568 71.953568 32.453568 -7.046432
32.551320 58.551320 32.551320 6.551320
32.649071 60.649071 32.649071 4.649071
32.746823 57.746823 32.746823 7.746823
32.844575 79.844575 32.844575 -14.155425
32.942326 77.942326 32.942326 -12.057674
33.040078 62.540078 33.040078 3.540078
33.137830 59.137830 33.137830 7.137830
33.235582 51.235582 33.235582 15.235582
33.333333 41.833333 33.333333 24.833333
33.431085 65.931085 33.431085 0.931085
33.528837 41.528837 33.528837 25.528837
33.626588 40.626588 33.626588 26.626588
33.724340 39.224340 33.724340 28.224340
33.822092 75.322092 33.822092 -7.677908
33.919844 39.419844 33.919844 28.419844
34.017595 52.517595 34.017595 15.517595
34.115347 72.115347 34.115347 -3.884653
34.213099 77.713099 34.213099 -9.286901
34.310850 38.310850 34.310850 30.310850
34.408602 62.908602 34.408602 5.908602
34.506354 52.006354 34.506354 17.006354
34.604106 43.604106 34.604106 25.604106
34.701857 76.201857 34.701857 -6.798143
34.799609 64.799609 34.799609 4.799609
34.897361 75.897361 34.897361 -6.102639
34.995112 52.495112 34.995112 17.495112
35.092864 80.592864 35.092864 -10.407136
35.190616 41.190616 35.190616 29.190616
35.288368 65.288368 35.288368 5.288368
35.386119 67.886119 35.386119 2.886119
35.483871 38.983871 35.483871 31.983871
35.581623 76.581623 35.581623 -5.418377
35.679374 83.679374 35.679374 -12.320626
35.777126 73.777126 35.777126 -2.222874
35.874878 60.874878 35.874878 10.874878
35.972630 65.972630 35.972630 5.972630
36.070381 55.070381 36.070381 17.070381
36.168133 43.668133 36.168133 28.668133
36.265885 51.265885 36.265885 21.265885
36.363636 68.363636 36.363636 4.363636
36.461388 58.961388 36.461388 13.961388
36.559140 80.059140 36.559140 -6.940860
36.656891 71.656891 36.656891 1.656891
36.754643 67.254643 36.754643 6.254643
36.852395 56.852395 36.852395 16.852395
36.950147 60.950147 36.950147 12.950147
37.047898 51.547898 37.047898 22.547898
37.145650 86.145650 37.145650 -11.854350
37.243402 41.743402 37.243402 32.743402
37.341153 58.841153 37.341153 15.841153
37.438905 41.938905 37.438905 32.938905
37.536657 80.536657 37.536657 -5.463343
37.634409 82.134409 37.634409 -6.865591
37.732160 49.232160 37.732160 26.232160
37.829912 61.829912 37.829912 13.829912
37.927664 69.927664 37.927664 5.927664
38.025415 58.525415 38.025415 17.525415
38.123167 43.123167 38.123167 33.123167
38.220919 73.720919 38.220919 2.720919
38.318671 77.818671 38.318671 -1.181329
38.416422 72.916422 38.416422 3.916422
38.514174 73.514174 38.514174 3.514174
38.611926 55.611926 38.611926 21.611926
38.709677 72.709677 38.709677 4.709677
38.807429 80.307429 38.807429 -2.692571
38.905181 83.405181 38.905181 -5.594819
39.002933 78.502933 39.002933 -0.497067
39.100684 62.600684 39.100684 15.600684
39.198436 78.698436 39.198436 -0.301564
39.296188 53.296188 39.296188 25.296188
39.393939 42.893939 39.393939 35.893939
39.491691 88.991691 39.491691 -10.008309
39.589443 63.089443 39.589443 16.089443
39.687195 47.187195 39.687195 32.187195
39.784946 58.784946 39.784946 20.784946
39.882698 60.382698 39.882698 19.382698
39.980450 67.980450 39.980450 11.980450
40.078201 80.078201 40.078201 0.078201
40.175953 53.675953 40.175953 26.675953
40.273705 58.773705 40.273705 21.773705
40.371457 46.871457 40.371457 33.871457
40.469208 66.469208 40.469208 14.469208
40.566960 80.566960 40.566960 0.566960
40.664712 86.164712 40.664712 -4.835288
40.762463 48.262463 40.762463 33.262463
40.860215 52.360215 40.860215 29.360215
40.957967 56.457967 40.957967 25.457967
41.055718 66.555718 41.055718 15.555718
41.153470 52.653470 41.153470 29.653470
41.251222 60.251222 41.251222 22.251222
41.348974 60.848974 41.348974 21.848974
41.446725 78.446725 41.446725 4.446725
41.544477 82.544477 41.544477 0.544477
41.642229 79.642229 41.642229 3.642229
41.739980 52.239980 41.739980 31.239980
41.837732 44.837732 41.837732 38.837732
41.935484 90.935484 41.935484 -7.064516
42.033236 43.033236 42.033236 41.033236
42.130987 68.130987 42.130987 16.130987
42.228739 49.728739 42.228739 34.728739
42.326491 69.326491 42.326491 15.326491
42.424242 87.424242 42.424242 -2.575758
42.521994 65.521994 42.521994 19.521994
42.619746 51.119746 42.619746 34.119746
42.717498 61.717498 42.717498 23.717498
42.815249 56.315249 42.815249 29.315249
42.913001 92.413001 42.913001 -6.586999
43.010753 88.010753 43.010753 -1.989247
43.108504 75.108504 43.108504 11.108504
43.206256 59.206256 43.206256 27.206256
43.304008 71.304008 43.304008 15.304008
43.401760 82.401760 43.401760 4.401760
43.499511 47.999511 43.499511 38.999511
43.597263 80.097263 43.597263 7.097263
43.695015 66.695015 43.695015 20.695015
43.792766 51.292766 43.792766 36.292766
43.890518 48.390518 43.890518 39.390518
43.988270 88.988270 43.988270 -1.011730
44.086022 67.086022 44.086022 21.086022
44.183773 88.683773 44.183773 -0.316227
44.281525 64.781525 44.281525 23.781525
44.379277 72.379277 44.379277 16.379277
44.477028 48.977028 44.477028 39.977028
44.574780 83.574780 44.574780 5.574780
44.672532 51.172532 44.672532 38.172532
44.770283 50.770283 44.770283 38.770283
44.868035 73.368035 44.868035 16.368035
44.965787 93.465787 44.965787 -3.534213
45.063539 66.563539 45.063539 23.563539
45.161290 70.161290 45.161290 20.161290
45.259042 84.759042 45.259042 5.759042
45.356794 74.856794 45.356794 15.856794
45.454545 68.954545 45.454545 21.954545
45.552297 69.552297 45.552297 21.552297
45.650049 62.650049 45.650049 28.650049
45.747801 77.247801 45.747801 14.247801
45.845552 52.345552 45.845552 39.345552
45.943304 73.943304 45.943304 17.943304
46.041056 92.041056 46.041056 0.041056
46.138807 63.138807 46.138807 29.138807
46.236559 62.736559 46.236559 29.736559
46.334311 75.334311 46.334311 17.334311
46.432063 80.932063 46.432063 11.932063
46.529814 78.029814 46.529814 15.029814
46.627566 93.127566 46.627566 0.127566
46.725318 63.725318 46.725318 29.725318
46.823069 67.823069 46.823069 25.823069
46.920821 63.920821 46.920821 29.920821
47.018573 59.018573 47.018573 35.018573
47.116325 67.616325 47.116325 26.616325
47.214076 95.214076 47.214076 -0.785924
47.311828 57.311828 47.311828 37.311828
47.409580 77.909580 47.409580 16.909580
47.507331 55.507331 47.507331 39.507331
47.605083 60.605083 47.605083 34.605083
47.702835 87.702835 47.702835 7.702835
47.800587 59.800587 47.800587 35.800587
47.898338 66.398338 47.898338 29.398338
47.996090 63.996090 47.996090 31.996090
48.093842 92.593842 48.093842 3.593842
48.191593 49.691593 48.191593 46.691593
48.289345 80.289345 48.289345 16.289345
48.387097 60.387097 48.387097 36.387097
48.484848 84.484848 48.484848 12.484848
48.582600 52.582600 48.582600 44.582600
48.680352 97.680352 48.680352 -0.319648
48.778104 69.278104 48.778104 28.278104
48.875855 90.875855 48.875855 6.875855
48.973607 63.473607 48.973607 34.473607
49.071359 50.071359 49.071359 48.071359
49.169110 78.169110 49.169110 20.169110
49.266862 52.266862 49.266862 46.266862
49.364614 79.864614 49.364614 18.864614
49.462366 80.462366 49.462366 18.462366
49.560117 89.060117 49.560117 10.060117
49.657869 77.157869 49.657869 22.157869
49.755621 73.755621 49.755621 25.755621
49.853372 66.853372 49.853372 32.853372
49.951124 64.451124 49.951124 35.451124
50.048876 93.048876 50.048876 7.048876
50.146628 61.146628 50.146628 39.146628
50.244379 57.244379 50.244379 43.244379
50.342131 78.842131 50.342131 21.842131
50.439883 84.939883 50.439883 15.939883
50.537634 69.037634 50.537634 32.037634
50.635386 85.135386 50.635386 16.135386
50.733138 68.233138 50.733138 33.233138
50.830890 92.330890 50.830890 9.330890
50.928641 84.428641 50.928641 17.428641
51.026393 69.026393 51.026393 33.026393
51.124145 55.624145 51.124145 46.624145
51.221896 81.721896 51.221896 20.721896
51.319648 96.319648 51.319648 6.319648
51.417400 99.417400 51.417400 3.417400
51.515152 73.515152 51.515152 29.515152
51.612903 98.112903 51.612903 5.112903
51.710655 80.210655 51.710655 23.210655
51.808407 98.808407 51.808407 4.808407
51.906158 52.406158 51.906158 51.406158
52.003910 74.003910 52.003910 30.003910
52.101662 82.601662 52.101662 21.601662
52.199413 92.199413 52.199413 12.199413
52.297165 101.297165 52.297165 3.297165
52.394917 94.894917 52.394917 9.894917
52.492669 102.492669 52.492669 2.492669
52.590420 85.090420 52.590420 20.090420
52.688172 60.688172 52.688172 44.688172
52.785924 54.285924 52.785924 51.285924
52.883675 100.383675 52.883675 5.383675
52.981427 58.481427 52.981427 47.481427
53.079179 81.579179 53.079179 24.579179
53.176931 91.676931 53.176931 14.676931
53.274682 80.274682 53.274682 26.274682
53.372434 77.372434 53.372434 29.372434
53.470186 88.970186 53.470186 17.970186
53.567937 67.567937 53.567937 39.567937
53.665689 77.165689 53.665689 30.165689
53.763441 97.263441 53.763441 10.263441
53.861193 83.361193 53.861193 24.361193
53.958944 103.458944 53.958944 4.458944
54.056696 101.556696 54.056696 6.556696
54.154448 101.654448 54.154448 6.654448
54.252199 82.752199 54.252199 25.752199
54.349951 55.349951 54.349951 53.349951
54.447703 70.447703 54.447703 38.447703
54.545455 98.545455 54.545455 10.545455
54.643206 63.143206 54.643206 46.143206
54.740958 98.240958 54.740958 11.240958
54.838710 88.338710 54.838710 21.338710
54.936461 60.436461 54.936461 49.436461
55.034213 104.034213 55.034213 6.034213
55.131965 65.631965 55.131965 44.631965
55.229717 82.729717 55.229717 27.729717
55.327468 56.327468 55.327468 54.327468
55.425220 84.425220 55.425220 26.425220
55.522972 77.522972 55.522972 33.522972
55.620723 65.620723 55.620723 45.620723
55.718475 102.718475 55.718475 8.718475
55.816227 96.316227 55.816227 15.316227
55.913978 89.413978 55.913978 22.413978
56.011730 71.511730 56.011730 40.511730
56.109482 59.109482 56.109482 53.109482
56.207234 60.207234 56.207234 52.207234
56.304985 90.304985 56.304985 22.304985
56.402737 83.902737 56.402737 28.902737
56.500489 81.000489 56.500489 32.000489
56.598240 85.098240 56.598240 28.098240
56.695992 97.195992 56.695992 16.195992
56.793744 96.793744 56.793744 16.793744
56.891496 62.891496 56.891496 50.891496
56.989247 82.489247 56.989247 31.489247
57.086999 60.586999 57.086999 53.586999
57.184751 100.684751 57.184751 13.684751
57.282502 101.282502 57.282502 13.282502
57.380254 102.380254 57.380254 12.380254
57.478006 89.478006 57.478006 25.478006
57.575758 93.075758 57.575758 22.075758
57.673509 77.673509 57.673509 37.673509
57.771261 96.771261 57.771261 18.771261
57.869013 71.869013 57.869013 43.869013
57.966764 64.466764 57.966764 51.466764
58.064516 101.064516 58.064516 15.064516
58.162268 107.662268 58.162268 8.662268
58.260020 91.260020 58.260020 25.260020
58.357771 61.357771 58.357771 55.357771
58.455523 99.955523 58.455523 16.955523
58.553275 104.553275 58.553275 12.553275
58.651026 63.151026 58.651026 54.151026
58.748778 105.248778 58.748778 12.248778
58.846530 103.346530 58.846530 14.346530
58.944282 71.444282 58.944282 46.444282
59.042033 79.042033 59.042033 39.042033
59.139785 64.639785 59.139785 53.639785
59.237537 107.237537 59.237537 11.237537
59.335288 68.335288 59.335288 50.335288
59.433040 84.933040 59.433040 33.933040
59.530792 81.030792 59.530792 38.030792
59.628543 91.628543 59.628543 27.628543
59.726295 87.226295 59.726295 32.226295
59.824047 66.324047 59.824047 53.324047
59.921799 84.921799 59.921799 34.921799
60.019550 85.519550 60.019550 34.519550
60.117302 81.617302 60.117302 38.617302
60.215054 90.715054 60.215054 29.715054
60.312805 64.812805 60.312805 55.812805
60.410557 71.410557 60.410557 49.410557
60.508309 79.008309 60.508309 42.008309
60.606061 72.606061 60.606061 48.606061
60.703812 68.203812 60.703812 53.203812
60.801564 96.801564 60.801564 24.801564
60.899316 75.399316 60.899316 46.399316
60.997067 89.497067 60.997067 32.497067
61.094819 66.594819 61.094819 55.594819
61.192571 108.692571 61.192571 13.692571
61.290323 79.790323 61.290323 42.790323
61.388074 93.388074 61.388074 29.388074
61.485826 109.985826 61.485826 12.985826
61.583578 88.583578 61.583578 34.583578
61.681329 63.681329 61.681329 59.681329
61.779081 78.779081 61.779081 44.779081
61.876833 66.376833 61.876833 57.376833
61.974585 101.474585 61.974585 22.474585
62.072336 82.572336 62.072336 41.572336
62.170088 69.170088 62.170088 55.170088
62.267840 97.767840 62.267840 26.767840
62.365591 95.865591 62.365591 28.865591
62.463343 76.463343 62.463343 48.463343
62.561095 87.561095 62.561095 37.561095
62.658847 100.158847 62.658847 25.158847
62.756598 86.256598 62.756598 39.256598
62.854350 107.354350 62.854350 18.354350
62.952102 80.952102 62.952102 44.952102
63.049853 101.049853 63.049853 25.049853
63.147605 67.147605 63.147605 59.147605
63.245357 64.245357 63.245357 62.245357
63.343109 92.843109 63.343109 33.843109
63.440860 106.440860 63.440860 20.440860
63.538612 92.538612 63.538612 34.538612
63.636364 111.636364 63.636364 15.636364
63.734115 80.734115 63.734115 46.734115
63.831867 79.831867 63.831867 47.831867
63.929619 100.929619 63.929619 26.929619
64.027370 71.527370 64.027370 56.527370
64.125122 114.125122 64.125122 14.125122
64.222874 78.222874 64.222874 50.222874
64.320626 72.320626 64.320626 56.320626
64.418377 101.918377 64.418377 26.918377
64.516129 73.016129 64.516129 56.016129
64.613881 104.613881 64.613881 24.613881
64.711632 103.211632 64.711632 26.211632
64.809384 69.309384 64.809384 60.309384
64.907136 114.407136 64.907136 15.407136
65.004888 99.004888 65.004888 31.004888
65.102639 79.602639 65.102639 50.602639
65.200391 78.700391 65.200391 51.700391
65.298143 90.798143 65.298143 39.798143
65.395894 94.395894 65.395894 36.395894
65.493646 75.493646 65.493646 55.493646
65.591398 95.591398 65.591398 35.591398
65.689150 87.689150 65.689150 43.689150
65.786901 72.286901 65.786901 59.286901
65.884653 73.884653 65.884653 57.884653
65.982405 76.982405 65.982405 54.982405
66.080156 81.080156 66.080156 51.080156
66.177908 105.677908 66.177908 26.677908
66.275660 82.775660 66.275660 49.775660
66.373412 95.373412 66.373412 37.373412
66.471163 97.971163 66.471163 34.971163
66.568915 83.568915 66.568915 49.568915
66.666667 116.666667 66.666667 16.666667
66.764418 102.764418 66.764418 30.764418
66.862170 97.362170 66.862170 36.362170
66.959922 84.959922 66.959922 48.959922
67.057674 77.057674 67.057674 57.057674
67.155425 78.655425 67.155425 55.655425
67.253177 70.753177 67.253177 63.753177
67.350929 106.850929 67.350929 27.850929
67.448680 76.448680 67.448680 58.448680
67.546432 78.046432 67.546432 57.046432
67.644184 71.144184 67.644184 64.144184
67.741935 107.241935 67.741935 28.241935
67.839687 78.839687 67.839687 56.839687
67.937439 79.437439 67.937439 56.437439
68.035191 104.535191 68.035191 31.535191
68.132942 104.132942 68.132942 32.132942
68.230694 79.730694 68.230694 56.730694
68.328446 88.328446 68.328446 48.328446
68.426197 97.926197 68.426197 38.926197
68.523949 93.523949 68.523949 43.523949
68.621701 116.621701 68.621701 20.621701
68.719453 113.719453 68.719453 23.719453
68.817204 105.317204 68.817204 32.317204
68.914956 73.914956 68.914956 63.914956
69.012708 85.012708 69.012708 53.012708
69.110459 78.610459 69.110459 59.610459
69.208211 74.708211 69.208211 63.708211
69.305963 83.805963 69.305963 54.805963
69.403715 119.403715 69.403715 19.403715
69.501466 91.501466 69.501466 47.501466
69.599218 80.099218 69.599218 59.099218
69.696970 107.196970 69.696970 32.196970
69.794721 118.794721 69.794721 20.794721
69.892473 95.392473 69.892473 44.392473
69.990225 117.990225 69.990225 21.990225
70.087977 116.587977 70.087977 23.587977
70.185728 96.185728 70.185728 44.185728
70.283480 88.283480 70.283480 52.283480
70.381232 102.381232 70.381232 38.381232
70.478983 84.478983 70.478983 56.478983
70.576735 87.576735 70.576735 53.576735
70.674487 110.674487 70.674487 30.674487
70.772239 82.772239 70.772239 58.772239
70.869990 80.869990 70.869990 60.869990
70.967742 114.967742 70.967742 26.967742
71.065494 72.065494 71.065494 70.065494
71.163245 112.163245 71.163245 30.163245
71.260997 94.760997 71.260997 47.760997
71.358749 91.358749 71.358749 51.358749
71.456500 92.456500 71.456500 50.456500
71.554252 87.054252 71.554252 56.054252
71.652004 95.652004 71.652004 47.652004
71.749756 87.249756 71.749756 56.249756
71.847507 87.347507 71.847507 56.347507
71.945259 113.945259 71.945259 29.945259
72.043011 97.043011 72.043011 47.043011
72.140762 103.140762 72.140762 41.140762
72.238514 106.238514 72.238514 38.238514
72.336266 82.336266 72.336266 62.336266
72.434018 93.434018 72.434018 51.434018
72.531769 102.531769 72.531769 42.531769
72.629521 92.129521 72.629521 53.129521
72.727273 103.727273 72.727273 41.727273
72.825024 73.825024 72.825024 71.825024
72.922776 98.922776 72.922776 46.922776
73.020528 100.520528 73.020528 45.520528
73.118280 120.118280 73.118280 26.118280
73.216031 120.216031 73.216031 26.216031
73.313783 94.313783 73.313783 52.313783
73.411535 88.411535 73.411535 58.411535
73.509286 74.009286 73.509286 73.009286
73.607038 91.607038 73.607038 55.607038
73.704790 99.204790 73.704790 48.204790
73.802542 78.302542 73.802542 69.302542
73.900293 82.900293 73.900293 64.900293
73.998045 106.498045 73.998045 41.498045
74.095797 120.595797 74.095797 27.595797
74.193548 116.193548 74.193548 32.193548
74.291300 91.291300 74.291300 57.291300
74.389052 75.889052 74.389052 72.889052
74.486804 85.986804 74.486804 62.986804
74.584555 107.084555 74.584555 42.084555
74.682307 102.182307 74.682307 47.182307
74.780059 89.280059 74.780059 60.280059
74.877810 93.377810 74.877810 56.377810
74.975562 104.975562 74.975562 44.975562
75.073314 117.073314 75.073314 33.073314
75.171065 111.171065 75.171065 39.171065
75.268817 82.268817 75.268817 68.268817
75.366569 86.866569 75.366569 63.866569
75.464321 86.464321 75.464321 64.464321
75.562072 88.562072 75.562072 62.562072
75.659824 120.659824 75.659824 30.659824
75.757576 112.757576 75.757576 38.757576
75.855327 101.855327 75.855327 49.855327
75.953079 99.453079 75.953079 52.453079
76.050831 77.550831 76.050831 74.550831
76.148583 97.648583 76.148583 54.648583
76.246334 89.746334 76.246334 62.746334
76.344086 94.844086 76.344086 57.844086
76.441838 84.941838 76.441838 67.941838
76.539589 113.539589 76.539589 39.539589
76.637341 92.637341 76.637341 60.637341
76.735093 109.735093 76.735093 43.735093
76.832845 110.332845 76.832845 43.332845
76.930596 103.430596 76.930596 50.430596
77.028348 106.028348 77.028348 48.028348
77.126100 116.126100 77.126100 38.126100
77.223851 124.223851 77.223851 30.223851
77.321603 125.821603 77.321603 28.821603
77.419355 78.419355 77.419355 76.419355
77.517107 79.517107 77.517107 75.517107
77.614858 125.614858 77.614858 29.614858
77.712610 96.712610 77.712610 58.712610
77.810362 107.310362 77.810362 48.310362
77.908113 106.908113 77.908113 48.908113
78.005865 99.005865 78.005865 57.005865
78.103617 104.603617 78.103617 51.603617
78.201369 97.201369 78.201369 59.201369
78.299120 120.299120 78.299120 36.299120
78.396872 107.396872 78.396872 49.396872
78.494624 84.494624 78.494624 72.494624
78.592375 114.592375 78.592375 42.592375
78.690127 83.190127 78.690127 74.190127
78.787879 92.287879 78.787879 65.287879
78.885630 83.885630 78.885630 73.885630
78.983382 98.983382 78.983382 58.983382
79.081134 112.081134 79.081134 46.081134
79.178886 126.678886 79.178886 31.678886
79.276637 91.776637 79.276637 66.776637
79.374389 95.374389 79.374389 63.374389
79.472141 110.472141 79.472141 48.472141
79.569892 115.069892 79.569892 44.069892
79.667644 94.167644 79.667644 65.167644
79.765396 89.265396 79.765396 70.265396
79.863148 106.363148 79.863148 53.363148
79.960899 93.960899 79.960899 65.960899
80.058651 102.558651 80.058651 57.558651
80.156403 82.156403 80.156403 78.156403
80.254154 127.254154 80.254154 33.254154
80.351906 86.351906 80.351906 74.351906
80.449658 106.949658 80.449658 53.949658
80.547410 120.047410 80.547410 41.047410
80.645161 97.145161 80.645161 64.145161
80.742913 111.742913 80.742913 49.742913
80.840665 84.840665 80.840665 76.840665
80.938416 82.938416 80.938416 78.938416
81.036168 85.036168 81.036168 77.036168
81.133920 124.133920 81.133920 38.133920
81.231672 122.231672 81.231672 40.231672
81.329423 97.329423 81.329423 65.329423
81.427175 117.927175 81.427175 44.927175
81.524927 124.024927 81.524927 39.024927
81.622678 85.122678 81.622678 78.122678
81.720430 115.220430 81.720430 48.220430
81.818182 123.318182 81.818182 40.318182
81.915934 87.415934 81.915934 76.415934
82.013685 87.013685 82.013685 77.013685
82.111437 112.111437 82.111437 52.111437
82.209189 114.709189 82.209189 49.709189
82.306940 86.306940 82.306940 78.306940
82.404692 130.404692 82.404692 34.404692
82.502444 88.502444 82.502444 76.502444
82.600196 83.100196 82.600196 82.100196
82.697947 114.697947 82.697947 50.697947
82.795699 125.795699 82.795699 39.795699
82.893451 105.393451 82.893451 60.393451
82.991202 126.991202 82.991202 38.991202
83.088954 124.088954 83.088954 42.088954
83.186706 92.186706 83.186706 74.186706
83.284457 89.284457 83.284457 77.284457
83.382209 106.382209 83.382209 60.382209
83.479961 130.479961 83.479961 36.479961
83.577713 116.077713 83.577713 51.077713
83.675464 85.675464 83.675464 81.675464
83.773216 133.773216 83.773216 33.773216
83.870968 112.870968 83.870968 54.870968
83.968719 124.968719 83.968719 42.968719
84.066471 100.066471 84.066471 68.066471
84.164223 90.164223 84.164223 78.164223
84.261975 87.261975 84.261975 81.261975
84.359726 128.359726 84.359726 40.359726
84.457478 88.457478 84.457478 80.457478
84.555230 110.055230 84.555230 59.055230
84.652981 93.652981 84.652981 75.652981
84.750733 89.750733 84.750733 79.750733
84.848485 89.348485 84.848485 80.348485
84.946237 97.946237 84.946237 71.946237
85.043988 115.043988 85.043988 55.043988
85.141740 99.141740 85.141740 71.141740
85.239492 97.239492 85.239492 73.239492
85.337243 95.837243 85.337243 74.837243
85.434995 101.434995 85.434995 69.434995
85.532747 133.032747 85.532747 38.032747
85.630499 104.130499 85.630499 67.130499
85.728250 87.728250 85.728250 83.728250
85.826002 100.826002 85.826002 70.826002
85.923754 128.423754 85.923754 43.423754
86.021505 110.021505 86.021505 62.021505
86.119257 112.119257 86.119257 60.119257
86.217009 97.217009 86.217009 75.217009
86.314761 132.814761 86.314761 39.814761
86.412512 94.912512 86.412512 77.912512
86.510264 101.010264 86.510264 72.010264
86.608016 87.108016 86.608016 86.108016
86.705767 108.705767 86.705767 64.705767
86.803519 106.303519 86.803519 67.303519
86.901271 136.901271 86.901271 36.901271
86.999022 100.499022 86.999022 73.499022
87.096774 97.596774 87.096774 76.596774
87.194526 92.194526 87.194526 82.194526
87.292278 94.292278 87.292278 80.292278
87.390029 133.890029 87.390029 40.890029
87.487781 127.987781 87.487781 46.987781
87.585533 131.585533 87.585533 43.585533
87.683284 131.183284 87.683284 44.183284
87.781036 99.281036 87.781036 76.281036
87.878788 122.378788 87.878788 53.378788
87.976540 102.976540 87.976540 72.976540
88.074291 126.574291 88.074291 49.574291
88.172043 129.672043 88.172043 46.672043
88.269795 128.269795 88.269795 48.269795
88.367546 119.367546 88.367546 57.367546
88.465298 95.965298 88.465298 80.965298
88.563050 135.063050 88.563050 42.063050
88.660802 110.160802 88.660802 67.160802
88.758553 95.258553 88.758553 82.258553
88.856305 92.856305 88.856305 84.856305
88.954057 117.454057 88.954057 60.454057
89.051808 96.051808 89.051808 82.051808
89.149560 95.649560 89.149560 82.649560
89.247312 108.747312 89.247312 69.747312
89.345064 139.345064 89.345064 39.345064
89.442815 107.442815 89.442815 71.442815
89.540567 135.040567 89.540567 44.040567
89.638319 113.138319 89.638319 66.138319
89.736070 103.236070 89.736070 76.236070
89.833822 102.833822 89.833822 76.833822
89.931574 97.931574 89.931574 81.931574
90.029326 118.529326 90.029326 61.529326
90.127077 100.127077 90.127077 80.127077
90.224829 95.224829 90.224829 85.224829
90.322581 105.822581 90.322581 74.822581
90.420332 102.420332 90.420332 78.420332
90.518084 121.018084 90.518084 60.018084
90.615836 114.615836 90.615836 66.615836
90.713587 137.213587 90.713587 44.213587
90.811339 112.811339 90.811339 68.811339
90.909091 121.909091 90.909091 59.909091
91.006843 95.006843 91.006843 87.006843
91.104594 92.604594 91.104594 89.604594
91.202346 98.202346 91.202346 84.202346
91.300098 98.800098 91.300098 83.800098
91.397849 115.397849 91.397849 67.397849
91.495601 112.495601 91.495601 70.495601
91.593353 130.593353 91.593353 52.593353
91.691105 121.191105 91.691105 62.191105
91.788856 102.788856 91.788856 80.788856
91.886608 136.386608 91.886608 47.386608
91.984360 137.984360 91.984360 45.984360
92.082111 124.582111 92.082111 59.582111
92.179863 111.679863 92.179863 72.679863
92.277615 139.777615 92.277615 44.777615
92.375367 123.375367 92.375367 61.375367
92.473118 134.973118 92.473118 49.973118
92.570870 101.570870 92.570870 83.570870
92.668622 138.668622 92.668622 46.668622
92.766373 101.266373 92.766373 84.266373
92.864125 99.864125 92.864125 85.864125
92.961877 106.961877 92.961877 78.961877
93.059629 110.559629 93.059629 75.559629
93.157380 97.657380 93.157380 88.657380
93.255132 103.255132 93.255132 83.255132
93.352884 109.852884 93.352884 76.852884
93.450635 132.450635 93.450635 54.450635
93.548387 139.048387 93.548387 48.048387
93.646139 111.646139 93.646139 75.646139
93.743891 113.243891 93.743891 74.243891
93.841642 101.841642 93.841642 85.841642
93.939394 136.439394 93.939394 51.439394
94.037146 105.037146 94.037146 83.037146
94.134897 94.634897 94.134897 93.634897
94.232649 142.732649 94.232649 45.732649
94.330401 143.330401 94.330401 45.330401
94.428152 134.428152 94.428152 54.428152
94.525904 104.025904 94.525904 85.025904
94.623656 102.123656 94.623656 87.123656
94.721408 107.721408 94.721408 81.721408
94.819159 125.819159 94.819159 63.819159
94.916911 142.416911 94.916911 47.416911
95.014663 118.014663 95.014663 72.014663
95.112414 109.612414 95.112414 80.612414
95.210166 96.210166 95.210166 94.210166
95.307918 100.807918 95.307918 89.807918
95.405670 138.905670 95.405670 51.905670
95.503421 103.003421 95.503421 88.003421
95.601173 131.101173 95.601173 60.101173
95.698925 128.198925 95.698925 63.198925
95.796676 106.296676 95.796676 85.296676
95.894428 115.394428 95.894428 76.394428
95.992180 135.992180 95.992180 55.992180
96.089932 135.089932 96.089932 57.089932
96.187683 135.687683 96.187683 56.687683
96.285435 121.785435 96.285435 70.785435
96.383187 109.383187 96.383187 83.383187
96.480938 126.480938 96.480938 66.480938
96.578690 125.078690 96.578690 68.078690
96.676442 114.676442 96.676442 78.676442
96.774194 105.274194 96.774194 88.274194
96.871945 123.371945 96.871945 70.371945
96.969697 104.969697 96.969697 88.969697
97.067449 142.567449 97.067449 51.567449
97.165200 132.665200 97.165200 61.665200
97.262952 144.262952 97.262952 50.262952
97.360704 123.860704 97.360704 70.860704
97.458456 111.458456 97.458456 83.458456
97.556207 109.556207 97.556207 85.556207
97.653959 113.653959 97.653959 81.653959
97.751711 116.251711 97.751711 79.251711
97.849462 147.849462 97.849462 47.849462
97.947214 105.947214 97.947214 89.947214
98.044966 140.044966 98.044966 56.044966
98.142717 112.142717 98.142717 84.142717
98.240469 144.240469 98.240469 52.240469
98.338221 122.338221 98.338221 74.338221
98.435973 147.935973 98.435973 48.935973
98.533724 103.033724 98.533724 94.033724
98.631476 129.131476 98.631476 68.131476
98.729228 100.729228 98.729228 96.729228
98.826979 113.826979 98.826979 83.826979
98.924731 123.424731 98.924731 74.424731
99.022483 107.522483 99.022483 90.522483
99.120235 129.620235 99.120235 68.620235
99.217986 124.717986 99.217986 73.717986
99.315738 138.815738 99.315738 59.815738
99.413490 106.913490 99.413490 91.913490
99.511241 117.011241 99.511241 82.011241
99.608993 107.108993 99.608993 92.108993
99.706745 124.206745 99.706745 75.206745
99.804497 123.304497 99.804497 76.304497
99.902248 142.402248 99.902248 57.402248
100.000000 127.000000 100.000000 73.000000