0.000000 20.000000 0.000000 -20.000000
3.225806 33.225806 3.225806 -26.774194
6.451613 7.451613 6.451613 5.451613
9.677419 25.177419 9.677419 -5.822581
12.903226 30.403226 12.903226 -4.596774
16.129032 50.629032 16.129032 -18.370968
19.354839 36.354839 19.354839 2.354839
22.580645 29.080645 22.580645 16.080645
25.806452 52.806452 25.806452 -1.193548
29.032258 74.532258 29.032258 -16.467742
32.258065 46.758065 32.258065 17.758065
35.483871 61.983871 35.483871 8.983871
38.709677 78.709677 38.709677 -1.290323
41.935484 57.435484 41.935484 26.435484
45.161290 46.161290 45.161290 44.161290
48.387097 85.887097 48.387097 10.887097
51.612903 66.112903 51.612903 37.112903
54.838710 101.338710 54.838710 8.338710
58.064516 58.564516 58.064516 57.564516
61.290323 85.290323 61.290323 37.290323
64.516129 71.516129 64.516129 57.516129
67.741935 82.241935 67.741935 53.241935
70.967742 97.967742 70.967742 43.967742
74.193548 91.193548 74.193548 57.193548
77.419355 118.419355 77.419355 36.419355
80.645161 107.145161 80.645161 54.145161
83.870968 93.370968 83.870968 74.370968
87.096774 131.596774 87.096774 42.596774
90.322581 93.322581 90.322581 87.322581
93.548387 120.548387 93.548387 66.548387
96.774194 128.774194 96.774194 64.774194
100.000000 144.500000 100.000000 55.500000