0.000000 10.500000 0.000000 -10.500000
0.787402 40.787402 0.787402 -39.212598
1.574803 44.574803 1.574803 -41.425197
2.362205 2.862205 2.362205 1.862205
3.149606 44.649606 3.149606 -38.350394
3.937008 18.437008 3.937008 -10.562992
4.724409 10.224409 4.724409 -0.775591
5.511811 26.511811 5.511811 -15.488189
6.299213 14.799213 6.299213 -2.200787
7.086614 10.086614 7.086614 4.086614
7.874016 46.374016 7.874016 -30.625984
8.661417 52.161417 8.661417 -34.838583
9.448819 49.448819 9.448819 -30.551181
10.236220 25.236220 10.236220 -4.763780
11.023622 54.523622 11.023622 -32.476378
11.811024 48.811024 11.811024 -25.188976
12.598425 16.098425 12.598425 9.098425
13.385827 46.885827 13.385827 -20.114173
14.173228 18.173228 14.173228 10.173228
14.960630 19.960630 14.960630 9.960630
15.748031 41.748031 15.748031 -10.251969
16.535433 53.535433 16.535433 -20.464567
17.322835 31.822835 17.322835 2.822835
18.110236 67.610236 18.110236 -31.389764
18.897638 47.897638 18.897638 -10.102362
19.685039 66.685039 19.685039 -27.314961
20.472441 32.472441 20.472441 8.472441
21.259843 63.759843 21.259843 -21.240157
22.047244 45.047244 22.047244 -0.952756
22.834646 26.334646 22.834646 19.334646
23.622047 27.622047 23.622047 19.622047
24.409449 63.909449 24.409449 -15.090551
25.196850 30.696850 25.196850 19.696850
25.984252 75.484252 25.984252 -23.515748
26.771654 51.771654 26.771654 1.771654
27.559055 65.059055 27.559055 -9.940945
28.346457 46.346457 28.346457 10.346457
29.133858 33.133858 29.133858 25.133858
29.921260 71.421260 29.921260 -11.578740
30.708661 43.208661 30.708661 18.208661
31.496063 34.496063 31.496063 28.496063
32.283465 35.283465 32.283465 29.283465
33.070866 68.570866 33.070866 -2.429134
33.858268 55.358268 33.858268 12.358268
34.645669 69.645669 34.645669 -0.354331
35.433071 77.933071 35.433071 -7.066929
36.220472 55.220472 36.220472 17.220472
37.007874 64.007874 37.007874 10.007874
37.795276 75.295276 37.795276 0.295276
38.582677 58.582677 38.582677 18.582677
39.370079 77.870079 39.370079 0.870079
40.157480 63.657480 40.157480 16.657480
40.944882 85.444882 40.944882 -3.555118
41.732283 55.732283 41.732283 27.732283
42.519685 78.519685 42.519685 6.519685
43.307087 50.307087 43.307087 36.307087
44.094488 61.594488 44.094488 26.594488
44.881890 71.381890 44.881890 18.381890
45.669291 62.669291 45.669291 28.669291
46.456693 81.456693 46.456693 11.456693
47.244094 90.244094 47.244094 4.244094
48.031496 94.031496 48.031496 2.031496
48.818898 92.818898 48.818898 4.818898
49.606299 88.606299 49.606299 10.606299
50.393701 87.893701 50.393701 12.893701
51.181102 86.681102 51.181102 15.681102
51.968504 81.968504 51.968504 21.968504
52.755906 86.755906 52.755906 18.755906
53.543307 68.543307 53.543307 38.543307
54.330709 81.830709 54.330709 26.830709
55.118110 101.618110 55.118110 8.618110
55.905512 91.405512 55.905512 20.405512
56.692913 95.692913 56.692913 17.692913
57.480315 86.480315 57.480315 28.480315
58.267717 106.767717 58.267717 9.767717
59.055118 61.055118 59.055118 57.055118
59.842520 86.342520 59.842520 33.342520
60.629921 74.129921 60.629921 47.129921
61.417323 71.417323 61.417323 51.417323
62.204724 71.204724 62.204724 53.204724
62.992126 72.492126 62.992126 53.492126
63.779528 78.779528 63.779528 48.779528
64.566929 83.566929 64.566929 45.566929
65.354331 97.354331 65.354331 33.354331
66.141732 85.641732 66.141732 46.641732
66.929134 90.429134 66.929134 43.429134
67.716535 105.716535 67.716535 29.716535
68.503937 81.503937 68.503937 55.503937
69.291339 103.791339 69.291339 34.791339
70.078740 72.578740 70.078740 67.578740
70.866142 93.866142 70.866142 47.866142
71.653543 111.653543 71.653543 31.653543
72.440945 100.940945 72.440945 43.940945
73.228346 103.728346 73.228346 42.728346
74.015748 112.015748 74.015748 36.015748
74.803150 108.803150 74.803150 40.803150
75.590551 112.590551 75.590551 38.590551
76.377953 94.877953 76.377953 57.877953
77.165354 122.165354 77.165354 32.165354
77.952756 126.952756 77.952756 28.952756
78.740157 79.740157 78.740157 77.740157
79.527559 107.027559 79.527559 52.027559
80.314961 115.814961 80.314961 44.814961
81.102362 127.602362 81.102362 34.602362
81.889764 83.889764 81.889764 79.889764
82.677165 128.677165 82.677165 36.677165
83.464567 112.464567 83.464567 54.464567
84.251969 91.751969 84.251969 76.751969
85.039370 100.539370 85.039370 69.539370
85.826772 98.326772 85.826772 73.326772
86.614173 89.114173 86.614173 84.114173
87.401575 97.401575 87.401575 77.401575
88.188976 103.188976 88.188976 73.188976
88.976378 138.476378 88.976378 39.476378
89.763780 138.763780 89.763780 40.763780
90.551181 116.051181 90.551181 65.051181
91.338583 120.838583 91.338583 61.838583
92.125984 129.125984 92.125984 55.125984
92.913386 142.913386 92.913386 42.913386
93.700787 141.700787 93.700787 45.700787
94.488189 94.988189 94.488189 93.988189
95.275591 140.275591 95.275591 50.275591
96.062992 108.562992 96.062992 83.562992
96.850394 101.350394 96.850394 92.350394
97.637795 142.637795 97.637795 52.637795
98.425197 143.425197 98.425197 53.425197
99.212598 112.712598 99.212598 85.712598
100.000000 137.500000 100.000000 62.500000