0.000000 38.000000 0.000000 -38.000000
1.587302 20.587302 1.587302 -17.412698
3.174603 45.674603 3.174603 -39.325397
4.761905 29.761905 4.761905 -20.238095
6.349206 13.349206 6.349206 -0.650794
7.936508 31.436508 7.936508 -15.563492
9.523810 15.523810 9.523810 3.523810
11.111111 25.611111 11.111111 -3.388889
12.698413 33.198413 12.698413 -7.801587
14.285714 18.285714 14.285714 10.285714
15.873016 35.873016 15.873016 -4.126984
17.460317 55.960317 17.460317 -21.039683
19.047619 66.047619 19.047619 -27.952381
20.634921 67.634921 20.634921 -26.365079
22.222222 38.222222 22.222222 6.222222
23.809524 56.309524 23.809524 -8.690476
25.396825 71.396825 25.396825 -20.603175
26.984127 59.484127 26.984127 -5.515873
28.571429 38.071429 28.571429 19.071429
30.158730 73.158730 30.158730 -12.841270
31.746032 80.746032 31.746032 -17.253968
33.333333 49.833333 33.333333 16.833333
34.920635 47.920635 34.920635 21.920635
36.507937 65.007937 36.507937 8.007937
38.095238 75.095238 38.095238 1.095238
39.682540 71.182540 39.682540 8.182540
41.269841 42.769841 41.269841 39.769841
42.857143 57.857143 42.857143 27.857143
44.444444 50.944444 44.444444 37.944444
46.031746 53.531746 46.031746 38.531746
47.619048 84.619048 47.619048 10.619048
49.206349 72.706349 49.206349 25.706349
50.793651 77.793651 50.793651 23.793651
52.380952 66.880952 52.380952 37.880952
53.968254 96.468254 53.968254 11.468254
55.555556 63.555556 55.555556 47.555556
57.142857 58.642857 57.142857 55.642857
58.730159 88.730159 58.730159 28.730159
60.317460 92.817460 60.317460 27.817460
61.904762 86.404762 61.904762 37.404762
63.492063 113.492063 63.492063 13.492063
65.079365 91.079365 65.079365 39.079365
66.666667 86.166667 66.666667 47.166667
68.253968 95.753968 68.253968 40.753968
69.841270 73.841270 69.841270 65.841270
71.428571 113.428571 71.428571 29.428571
73.015873 86.015873 73.015873 60.015873
74.603175 83.603175 74.603175 65.603175
76.190476 100.190476 76.190476 52.190476
77.777778 89.777778 77.777778 65.777778
79.365079 94.865079 79.365079 63.865079
80.952381 105.952381 80.952381 55.952381
82.539683 125.039683 82.539683 40.039683
84.126984 125.626984 84.126984 42.626984
85.714286 88.714286 85.714286 82.714286
87.301587 94.801587 87.301587 79.801587
88.888889 101.888889 88.888889 75.888889
90.476190 134.976190 90.476190 45.976190
92.063492 104.563492 92.063492 79.563492
93.650794 112.650794 93.650794 74.650794
95.238095 110.738095 95.238095 79.738095
96.825397 118.325397 96.825397 75.325397
98.412698 104.912698 98.412698 91.912698
100.000000 139.000000 100.000000 61.000000