0.000000 20.000000 0.000000 -20.000000
0.392157 34.892157 0.392157 -34.107843
0.784314 1.284314 0.784314 0.284314
1.176471 43.676471 1.176471 -41.323529
1.568627 41.568627 1.568627 -38.431373
1.960784 15.960784 1.960784 -12.039216
2.352941 44.852941 2.352941 -40.147059
2.745098 18.245098 2.745098 -12.754902
3.137255 10.637255 3.137255 -4.362745
3.529412 38.529412 3.529412 -31.470588
3.921569 14.421569 3.921569 -6.578431
4.313725 13.813725 4.313725 -5.186275
4.705882 23.705882 4.705882 -14.294118
5.098039 41.098039 5.098039 -30.901961
5.490196 26.990196 5.490196 -16.009804
5.882353 20.882353 5.882353 -9.117647
6.274510 40.274510 6.274510 -27.725490
6.666667 23.666667 6.666667 -10.333333
7.058824 54.558824 7.058824 -40.441176
7.450980 13.450980 7.450980 1.450980
7.843137 53.843137 7.843137 -38.156863
8.235294 54.735294 8.235294 -38.264706
8.627451 9.627451 8.627451 7.627451
9.019608 11.019608 9.019608 7.019608
9.411765 36.411765 9.411765 -17.588235
9.803922 46.803922 9.803922 -27.196078
10.196078 45.196078 10.196078 -24.803922
10.588235 38.088235 10.588235 -16.911765
10.980392 27.480392 10.980392 -5.519608
11.372549 40.372549 11.372549 -17.627451
11.764706 56.764706 11.764706 -33.235294
12.156863 57.156863 12.156863 -32.843137
12.549020 28.049020 12.549020 -2.950980
12.941176 26.441176 12.941176 -0.558824
13.333333 46.833333 13.333333 -20.166667
13.725490 29.225490 13.725490 -1.774510
14.117647 46.117647 14.117647 -17.882353
14.509804 43.009804 14.509804 -13.990196
14.901961 19.901961 14.901961 9.901961
15.294118 34.794118 15.294118 -4.205882
15.686275 44.186275 15.686275 -12.813725
16.078431 19.078431 16.078431 13.078431
16.470588 40.470588 16.470588 -7.529412
16.862745 18.362745 16.862745 15.362745
17.254902 39.254902 17.254902 -4.745098
17.647059 30.147059 17.647059 5.147059
18.039216 59.039216 18.039216 -22.960784
18.431373 40.431373 18.431373 -3.568627
18.823529 63.323529 18.823529 -25.676471
19.215686 24.715686 19.215686 13.715686
19.607843 66.607843 19.607843 -27.392157
20.000000 39.000000 20.000000 1.000000
20.392157 28.892157 20.392157 11.892157
20.784314 21.784314 20.784314 19.784314
21.176471 39.676471 21.176471 2.676471
21.568627 43.068627 21.568627 0.068627
21.960784 43.460784 21.960784 0.460784
22.352941 23.352941 22.352941 21.352941
22.745098 38.245098 22.745098 7.245098
23.137255 37.137255 23.137255 9.137255
23.529412 67.029412 23.529412 -19.970588
23.921569 59.921569 23.921569 -12.078431
24.313725 35.813725 24.313725 12.813725
24.705882 40.705882 24.705882 8.705882
25.098039 74.098039 25.098039 -23.901961
25.490196 72.990196 25.490196 -22.009804
25.882353 64.882353 25.882353 -13.117647
26.274510 68.274510 26.274510 -15.725490
26.666667 29.666667 26.666667 23.666667
27.058824 34.558824 27.058824 19.558824
27.450980 52.950980 27.450980 1.950980
27.843137 61.843137 27.843137 -6.156863
28.235294 37.235294 28.235294 19.235294
28.627451 48.627451 28.627451 8.627451
29.019608 75.019608 29.019608 -16.980392
29.411765 77.911765 29.411765 -19.088235
29.803922 68.303922 29.803922 -8.696078
30.196078 34.196078 30.196078 26.196078
30.588235 52.088235 30.588235 9.088235
30.980392 39.980392 30.980392 21.980392
31.372549 44.872549 31.372549 17.872549
31.764706 52.764706 31.764706 10.764706
32.156863 44.156863 32.156863 20.156863
32.549020 41.549020 32.549020 23.549020
32.941176 54.941176 32.941176 10.941176
33.333333 44.833333 33.333333 21.833333
33.725490 81.225490 33.725490 -13.774510
34.117647 53.117647 34.117647 15.117647
34.509804 52.509804 34.509804 16.509804
34.901961 84.901961 34.901961 -15.098039
35.294118 51.794118 35.294118 18.794118
35.686275 80.686275 35.686275 -9.313725
36.078431 54.578431 36.078431 17.578431
36.470588 36.970588 36.470588 35.970588
36.862745 75.362745 36.862745 -1.637255
37.254902 58.754902 37.254902 15.754902
37.647059 44.647059 37.647059 30.647059
38.039216 81.039216 38.039216 -4.960784
38.431373 62.431373 38.431373 14.431373
38.823529 39.823529 38.823529 37.823529
39.215686 86.215686 39.215686 -7.784314
39.607843 58.607843 39.607843 20.607843
40.000000 83.500000 40.000000 -3.500000
40.392157 84.392157 40.392157 -3.607843
40.784314 42.284314 40.784314 39.284314
41.176471 85.176471 41.176471 -2.823529
41.568627 85.568627 41.568627 -2.431373
41.960784 47.460784 41.960784 36.460784
42.352941 90.352941 42.352941 -5.647059
42.745098 63.745098 42.745098 21.745098
43.137255 89.137255 43.137255 -2.862745
43.529412 70.529412 43.529412 16.529412
43.921569 56.421569 43.921569 31.421569
44.313725 83.813725 44.313725 4.813725
44.705882 75.205882 44.705882 14.205882
45.098039 55.598039 45.098039 34.598039
45.490196 64.490196 45.490196 26.490196
45.882353 49.382353 45.882353 42.382353
46.274510 95.774510 46.274510 -3.225490
46.666667 72.666667 46.666667 20.666667
47.058824 94.558824 47.058824 -0.441176
47.450980 58.450980 47.450980 36.450980
47.843137 82.343137 47.843137 13.343137
48.235294 71.735294 48.235294 24.735294
48.627451 61.627451 48.627451 35.627451
49.019608 91.019608 49.019608 7.019608
49.411765 64.411765 49.411765 34.411765
49.803922 55.803922 49.803922 43.803922
50.196078 69.696078 50.196078 30.696078
50.588235 61.588235 50.588235 39.588235
50.980392 76.480392 50.980392 25.480392
51.372549 77.872549 51.372549 24.872549
51.764706 97.764706 51.764706 5.764706
52.156863 99.656863 52.156863 4.656863
52.549020 100.549020 52.549020 4.549020
52.941176 77.941176 52.941176 27.941176
53.333333 82.333333 53.333333 24.333333
53.725490 103.725490 53.725490 3.725490
54.117647 82.617647 54.117647 25.617647
54.509804 85.509804 54.509804 23.509804
54.901961 62.901961 54.901961 46.901961
55.294118 70.794118 55.294118 39.794118
55.686275 92.186275 55.686275 19.186275
56.078431 84.578431 56.078431 27.578431
56.470588 63.970588 56.470588 48.970588
56.862745 84.862745 56.862745 28.862745
57.254902 88.754902 57.254902 25.754902
57.647059 92.147059 57.647059 23.147059
58.039216 92.039216 58.039216 24.039216
58.431373 73.431373 58.431373 43.431373
58.823529 66.323529 58.823529 51.323529
59.215686 107.715686 59.215686 10.715686
59.607843 88.607843 59.607843 30.607843
60.000000 70.500000 60.000000 49.500000
60.392157 73.892157 60.392157 46.892157
60.784314 65.784314 60.784314 55.784314
61.176471 95.176471 61.176471 27.176471
61.568627 109.068627 61.568627 14.068627
61.960784 69.960784 61.960784 53.960784
62.352941 95.852941 62.352941 28.852941
62.745098 102.245098 62.745098 23.245098
63.137255 108.637255 63.137255 17.637255
63.529412 89.029412 63.529412 38.029412
63.921569 83.421569 63.921569 44.421569
64.313725 102.313725 64.313725 26.313725
64.705882 87.705882 64.705882 41.705882
65.098039 94.098039 65.098039 36.098039
65.490196 81.990196 65.490196 48.990196
65.882353 79.382353 65.882353 52.382353
66.274510 103.274510 66.274510 29.274510
66.666667 67.166667 66.666667 66.166667
67.058824 99.558824 67.058824 34.558824
67.450980 77.950980 67.450980 56.950980
67.843137 100.843137 67.843137 34.843137
68.235294 82.235294 68.235294 54.235294
68.627451 111.627451 68.627451 25.627451
69.019608 89.019608 69.019608 49.019608
69.411765 105.911765 69.411765 32.911765
69.803922 84.303922 69.803922 55.303922
70.196078 90.196078 70.196078 50.196078
70.588235 84.588235 70.588235 56.588235
70.980392 99.480392 70.980392 42.480392
71.372549 90.372549 71.372549 52.372549
71.764706 78.264706 71.764706 65.264706
72.156863 80.156863 72.156863 64.156863
72.549020 108.049020 72.549020 37.049020
72.941176 86.441176 72.941176 59.441176
73.333333 115.333333 73.333333 31.333333
73.725490 82.725490 73.725490 64.725490
74.117647 108.117647 74.117647 40.117647
74.509804 87.009804 74.509804 62.009804
74.901961 107.401961 74.901961 42.401961
75.294118 92.294118 75.294118 58.294118
75.686275 99.186275 75.686275 52.186275
76.078431 111.578431 76.078431 40.578431
76.470588 94.470588 76.470588 58.470588
76.862745 92.362745 76.862745 61.362745
77.254902 114.754902 77.254902 39.754902
77.647059 117.147059 77.647059 38.147059
78.039216 105.039216 78.039216 51.039216
78.431373 89.431373 78.431373 67.431373
78.823529 98.323529 78.823529 59.323529
79.215686 109.715686 79.215686 48.715686
79.607843 120.107843 79.607843 39.107843
80.000000 85.000000 80.000000 75.000000
80.392157 118.892157 80.392157 41.892157
80.784314 124.784314 80.784314 36.784314
81.176471 123.176471 81.176471 39.176471
81.568627 127.568627 81.568627 35.568627
81.960784 102.460784 81.960784 61.460784
82.352941 126.852941 82.352941 37.852941
82.745098 106.745098 82.745098 58.745098
83.137255 85.137255 83.137255 81.137255
83.529412 131.529412 83.529412 35.529412
83.921569 111.921569 83.921569 55.921569
84.313725 98.813725 84.313725 69.813725
84.705882 104.705882 84.705882 64.705882
85.098039 101.098039 85.098039 69.098039
85.490196 124.990196 85.490196 45.990196
85.882353 86.382353 85.882353 85.382353
86.274510 123.274510 86.274510 49.274510
86.666667 117.166667 86.666667 56.166667
87.058824 120.558824 87.058824 53.558824
87.450980 129.450980 87.450980 45.450980
87.843137 92.343137 87.843137 83.343137
88.235294 123.235294 88.235294 53.235294
88.627451 106.127451 88.627451 71.127451
89.019608 127.019608 89.019608 51.019608
89.411765 96.411765 89.411765 82.411765
89.803922 126.303922 89.803922 53.303922
90.196078 91.696078 90.196078 88.696078
90.588235 111.088235 90.588235 70.088235
90.980392 133.980392 90.980392 47.980392
91.372549 132.872549 91.372549 49.872549
91.764706 108.764706 91.764706 74.764706
92.156863 125.156863 92.156863 59.156863
92.549020 112.549020 92.549020 72.549020
92.941176 115.441176 92.941176 70.441176
93.333333 123.833333 93.333333 62.833333
93.725490 143.225490 93.725490 44.225490
94.117647 98.117647 94.117647 90.117647
94.509804 112.509804 94.509804 76.509804
94.901961 105.401961 94.901961 84.401961
95.294118 115.794118 95.294118 74.794118
95.686275 114.186275 95.686275 77.186275
96.078431 135.578431 96.078431 56.578431
96.470588 123.970588 96.470588 68.970588
96.862745 132.362745 96.862745 61.362745
97.254902 123.754902 97.254902 70.754902
97.647059 127.147059 97.647059 68.147059
98.039216 109.539216 98.039216 86.539216
98.431373 132.931373 98.431373 63.931373
98.823529 115.823529 98.823529 81.823529
99.215686 133.715686 99.215686 64.715686
99.607843 148.607843 99.607843 50.607843
100.000000 135.500000 100.000000 64.500000