0.000000 9.000000 0.000000 -9.000000
6.666667 11.166667 6.666667 2.166667
13.333333 24.333333 13.333333 2.333333
20.000000 48.000000 20.000000 -8.000000
26.666667 31.166667 26.666667 22.166667
33.333333 37.333333 33.333333 29.333333
40.000000 87.000000 40.000000 -7.000000
46.666667 72.166667 46.666667 21.166667
53.333333 102.833333 53.333333 3.833333
60.000000 96.000000 60.000000 24.000000
66.666667 102.666667 66.666667 30.666667
73.333333 88.333333 73.333333 58.333333
80.000000 127.500000 80.000000 32.500000
86.666667 107.166667 86.666667 66.166667
93.333333 98.333333 93.333333 88.333333
100.000000 102.500000 100.000000 97.500000